7
8
10
11
12
15
16
17
20
21
24
25
27
32
33
35
36
37
45
46
48
51
53
55
56
58
59
60
63
66
67
69
73
74
75
78
79
81
83
84
85
86
89
91
92
97
98
99
101
102
106
107
111
114
117
120
121
122
123
124
125
128
129
131
134
136
137
141
142
148
149
150
152
154
155
157
159
160
162
164
166
167
171
172
173
175
176
178
179
184
187
188
189
191
192
194
195
200
202
203
206
210
212
213
215
216
218
219
222
226
227
229
230
235
236
237
238
239
241
242
244
246
248
249
255
257
258
262
263
264
266
267
272
273
277
278
281
282
283
286
288
289
291
292
295
297
298
300
301
303
305
//306 //This is where I'm connecting to the corticofugal axon
310
311
312
314
316
320
322
326
327
329
330
331
334
335
337
340
341
342
346
347
349
351
352
355
356
358
360
364
365
366
367


369  //at STN branch
368  //soma


