0	3180.12081775852	1198.39666079265	4664.13705083029
1	3193.18920106094	1017.03016124355	4427.58523683274
2	3193.22888369705	1016.71060261946	4427.20273526057
3	3225.20752216382	819.333244651352	4205.67835074926
4	3225.27493908669	818.992194335427	4205.31899108323
5	3272.13475205850	610.999598088273	3996.46185867497
6	3272.22372699078	610.644749638012	3996.12102831229
7	3330.25922043434	396.284431211207	3796.68316844851
8	3330.36412451718	395.921925463066	3796.35517137788
9	3396.33204712513	178.519351232800	3602.74552333666
10	3396.44778589209	178.154250280857	3602.42415577280
11	3467.47479545953	-39.5181258182182	3411.10675363750
12	3467.59663137522	-39.8813488319931	3410.78151474110
13	3540.98242178303	-255.224252307781	3217.31546618029
14	3541.10578266864	-255.581087260522	3216.98765516471
15	3614.06951593359	-465.819619045422	3018.04630753327
16	3614.18932915947	-466.165647936869	3017.70585163356
17	3683.16386886962	-669.249894365330	2810.11846245467
18	3683.27341473233	-669.583273749435	2809.76229066997
19	3743.68404705088	-864.309189341907	2591.78639265386
20	3743.77588965598	-864.627977632382	2591.41230823090
21	3790.34362812435	-1049.28259891470	2361.63753513736
22	3790.40671024107	-1049.58216278310	2361.24220966077
23	3817.59427671110	-1222.20928860519	2119.36034176712
24	3817.62048885168	-1222.48831756581	2118.94626953125
25	3822.55897809867	-1385.24416532562	1868.85520131922
26	3822.54667937452	-1385.51125956177	1868.43269753934
27	3804.70809666749	-1543.96147405501	1616.16161267109
28	3804.66048275126	-1544.22646602832	1615.74029071280
29	3764.46720196666	-1703.78112791247	1366.75435844228
30	3764.38264953372	-1704.05079124163	1366.34188711882
31	3704.44321397085	-1866.72659991240	1123.40090714990
32	3704.32721645278	-1867.00224576685	1123.00020282930
33	3627.84281098463	-2033.45632443141	887.359524841095
34	3627.70283367986	-2033.73861344847	886.971299035463
35	3537.63115264880	-2204.75115661729	659.528821774416
36	3537.47005644927	-2205.04191023365	659.155880604232
37	3436.39053193150	-2381.53079532976	440.694685203888
38	3436.21311433225	-2381.83172716628	440.336965993514
39	3326.53049190892	-2564.76436964617	231.538341656129
40	3326.34085996182	-2565.07668751124	231.197024672569
41	3210.25802451418	-2755.49360699990	32.8103236897161
42	3210.05960169170	-2755.81904162557	32.4867179188751
43	3089.70389839527	-2954.79887364483	-154.625796758197
44	3089.49991721978	-2955.13995764495	-154.929197063598
45	2967.21051930776	-3163.42728697633	-329.423752423619
46	2967.00477467045	-3163.78586803839	-329.704979685110
47	2844.66829561207	-3382.53978118282	-490.840320937669
48	2844.46374605815	-3382.91539978650	-491.099299992592
49	2723.13358149297	-3611.41067019950	-638.940359635379
50	2722.93103908722	-3611.80102215567	-639.178271237737
51	2603.02833091806	-3848.58720109200	-774.633020309092
52	2602.82867397672	-3848.99120047367	-774.849634278867
53	2484.65984008136	-4092.73218724515	-899.036970407895
54	2484.46323616283	-4093.14648787544	-899.236223748736
55	2368.23159489726	-4342.63082745067	-1013.45931890133
56	2368.03829675080	-4343.05366821613	-1013.64327955209
57	2253.86481485656	-4597.24380898486	-1119.25411826062
58	2253.67499459335	-4597.67367914144	-1119.42493958312
59	2141.61729885802	-4855.68224287863	-1217.80550275047
60	2141.43101682660	-4856.11782103834	-1217.96541110066
61	2031.49784310047	-5117.18933213309	-1310.49743229364
62	2031.31510258961	-5117.62948079016	-1310.64867737719
63	1923.48344701174	-5381.11993173909	-1398.69530670645
64	1923.30421976784	-5381.56367771343	-1398.84010697048
65	1817.52980266449	-5646.91602649412	-1483.73934824190
66	1817.35399727735	-5647.36249498637	-1483.87991268950
67	1713.58351118042	-5914.08331281800	-1566.94736162145
68	1713.41103997976	-5914.53170473901	-1567.08591985679
69	1611.58859539660	-6182.16845060783	-1649.61758226939
70	1611.41939707499	-6182.61802525291	-1649.75634315412
71	1511.49508309801	-6450.73623490563	-1733.04114024225
72	1511.32904943344	-6451.18624776089	-1733.18228297754
73	1413.26404200784	-6719.34808066345	-1818.50905296831
74	1413.10111939890	-6719.79776438384	-1818.65479519931
75	1316.87253835959	-6987.53926813746	-1907.32249348545
76	1316.71270491656	-6987.98780232728	-1907.47503980002
77	1222.31950605348	-7254.79633945578	-2000.79934901600
78	1222.16278403492	-7255.24281150362	-2000.96090690609
79	1129.63191345738	-7520.53465556445	-2100.27383393493
80	1129.47835989283	-7520.97801212038	-2100.44662371062
81	1038.86821545352	-7784.07220922179	-2207.09588989454
82	1038.71794163383	-7784.51122072728	-2207.28213362126
83	950.126007942409	-8044.60840354680	-2322.61333561748
84	949.979193392961	-8045.04166490936	-2322.81515271403
85	863.543871957579	-8301.20293829298	-2448.14569313534
86	863.400780082078	-8301.62879773385	-2448.36516643377
87	779.307842712973	-8552.76274040594	-2584.94543224352
88	779.168794615087	-8553.17932273772	-2585.18444037420
89	697.646972550860	-8798.04070183568	-2734.13930263459
90	697.512363786322	-8798.44587398993	-2734.39952587761
91	618.833191815418	-9035.65484541724	-2896.65974585778
92	618.703504032324	-9036.04625389629	-2896.94255437232
93	543.167091579675	-9264.12524645621	-3073.17456166564
94	543.043417968336	-9264.49864744020	-3073.48323103556
95	470.956919977911	-9481.96190984403	-3263.99223013386
96	470.839290746121	-9482.31623432866	-3264.32482276162
97	402.492862010133	-9687.76010270649	-3469.01965748351
98	3089.36706000617	-2954.90093908662	-154.829598555158
99	2974.66732403384	-2934.10975032899	-187.695822789282
100	2974.19992482919	-2934.09596236122	-187.873036590042
101	2864.86404155977	-2945.86473046620	-238.630178704288
102	2864.43572553220	-2945.97023631935	-238.865580314307
103	2764.17217744708	-2978.89462226333	-299.021472463514
104	2763.77082731290	-2979.04910690830	-299.276232130318
105	2667.59168701941	-3018.84192279366	-362.028864137187
106	2667.20049243158	-3019.01238441381	-362.289458494945
107	2580.36306714617	-3059.08546281578	-421.497844778458
108	2579.98294774422	-3059.27192634958	-421.763815855316
109	2496.42241027350	-3103.84579586042	-482.435158567603
110	2496.05949471318	-3104.05489259751	-482.708235248746
111	2416.68435452390	-3153.84752557817	-544.923080567601
112	2416.34107684191	-3154.07991427652	-545.202644422363
113	2340.68593607304	-3208.09401636320	-608.532969390767
114	2340.35714513757	-3208.34213315211	-608.816402986234
115	2268.69823377851	-3266.49198479012	-673.098808650348
116	2667.43714486687	-3019.14401038930	-362.276082960670
117	2656.34527143203	-3058.49112805766	-390.889123928399
118	2656.07070446048	-3058.78911061217	-391.181670524039
119	2601.68931101649	-3113.25777400069	-446.324098851478
120	2601.38120377572	-3113.52648672111	-446.611958917763
121	2543.01269338848	-3163.88090455151	-500.811024502353
122	2542.80043625667	-3164.21632391992	-501.101828027431
123	2525.90173565639	-3239.97156341467	-554.415724311454
124	2656.16384203604	-3058.84422514421	-391.178464566571
125	2639.21501980802	-3121.45785200006	-436.430279989487
126	2639.09564189021	-3121.84878472011	-436.718218207072
127	2614.40867145823	-3213.51297310571	-502.916542667129
128	2614.31594468289	-3213.91416980229	-503.200167347148
129	2565.51487315507	-3291.79596686038	-570.519317166940
130	2639.39110303877	-3121.72747009742	-436.525933925888
131	2648.18478014973	-3195.01965592608	-478.099589342372
