-70
-70.0004
-70.0008
-70.0012
-70.0016
-70.002
-70.0024
-70.0028
-70.0032
-70.0035
-70.0039
-70.0043
-70.0047
-70.0051
-70.0055
-70.0059
-70.0063
-70.0067
-70.0071
-70.0075
-70.0079
-70.0083
-70.0087
-70.0091
-70.0095
-70.0099
-70.0103
-70.0107
-70.0111
-70.0115
-70.0119
-70.0123
-70.0127
-70.0131
-70.0135
-70.0139
-70.0143
-70.0147
-70.0151
-70.0155
-70.0159
-70.0163
-70.0167
-70.0172
-70.0176
-70.018
-70.0184
-70.0188
-70.0192
-70.0196
-70.02
-70.0204
-70.0208
-70.0212
-70.0216
-70.022
-70.0224
-70.0228
-70.0232
-70.0236
-70.024
-70.0245
-70.0249
-70.0253
-70.0257
-70.0261
-70.0265
-70.0269
-70.0273
-70.0277
-70.0281
-70.0285
-70.0289
-70.0293
-70.0297
-70.0301
-70.0305
-70.0309
-70.0314
-70.0318
-70.0322
-70.0326
-70.033
-70.0334
-70.0338
-70.0342
-70.0346
-70.035
-70.0354
-70.0358
-70.0362
-70.0366
-70.037
-70.0374
-70.0378
-70.0382
-70.0386
-70.039
-70.0394
-70.0399
-70.0403
-70.0407
-70.0411
-70.0415
-70.0419
-70.0423
-70.0427
-70.0431
-70.0435
-70.0439
-70.0443
-70.0447
-70.0451
-70.0455
-70.0459
-70.0463
-70.0467
-70.0471
-70.0475
-70.0479
-70.0483
-70.0487
-70.0491
-70.0495
-70.0499
-70.0503
-70.0507
-70.0511
-70.0515
-70.0519
-70.0523
-70.0527
-70.0531
-70.0535
-70.0539
-70.0543
-70.0547
-70.0551
-70.0555
-70.0559
-70.0563
-70.0567
-70.0571
-70.0575
-70.0579
-70.0583
-70.0587
-70.0591
-70.0595
-70.0599
-70.0603
-70.0607
-70.0611
-70.0615
-70.0619
-70.0623
-70.0627
-70.0631
-70.0635
-70.0639
-70.0643
-70.0647
-70.0651
-70.0655
-70.0659
-70.0663
-70.0667
-70.0671
-70.0675
-70.0679
-70.0683
-70.0687
-70.0691
-70.0695
-70.0699
-70.0702
-70.0706
-70.071
-70.0714
-70.0718
-70.0722
-70.0726
-70.073
-70.0734
-70.0738
-70.0742
-70.0746
-70.075
-70.0754
-70.0758
-70.0762
-70.0766
-70.077
-70.0773
-70.0777
-70.0781
-70.0785
-70.0789
-70.0793
-70.0797
-70.0801
-70.0805
-70.0809
-70.0813
-70.0817
-70.0821
-70.0825
-70.0828
-70.0832
-70.0836
-70.084
-70.0844
-70.0848
-70.0852
-70.0856
-70.086
-70.0864
-70.0868
-70.0871
-70.0875
-70.0879
-70.0883
-70.0887
-70.0891
-70.0895
-70.0899
-70.0903
-70.0907
-70.091
-70.0914
-70.0918
-70.0922
-70.0926
-70.093
-70.0934
-70.0938
-70.0941
-70.0945
-70.0949
-70.0953
-70.0957
-70.0961
-70.0965
-70.0969
-70.0972
-70.0976
-70.098
-70.0984
-70.0988
-70.0992
-70.0996
-70.1
-70.1003
-70.1007
-70.1011
-70.1015
-70.1019
-70.1023
-70.1026
-70.103
-70.1034
-70.1038
-70.1042
-70.1046
-70.105
-70.1053
-70.1057
-70.1061
-70.1065
-70.1069
-70.1073
-70.1076
-70.108
-70.1084
-70.1088
-70.1092
-70.1096
-70.1099
-70.1103
-70.1107
-70.1111
-70.1115
-70.1119
-70.1122
-70.1126
-70.113
-70.1134
-70.1138
-70.1141
-70.1145
-70.1149
-70.1153
-70.1157
-70.116
-70.1164
-70.1168
-70.1172
-70.1176
-70.1179
-70.1183
-70.1187
-70.1191
-70.1195
-70.1198
-70.1202
-70.1206
-70.121
-70.1214
-70.1217
-70.1221
-70.1225
-70.1229
-70.1232
-70.1236
-70.124
-70.1244
-70.1248
-70.1251
-70.1255
-70.1259
-70.1263
-70.1266
-70.127
-70.1274
-70.1278
-70.1281
-70.1285
-70.1289
-70.1293
-70.1296
-70.13
-70.1304
-70.1308
-70.1311
-70.1315
-70.1319
-70.1323
-70.1326
-70.133
-70.1334
-70.1338
-70.1341
-70.1345
-70.1349
-70.1353
-70.1356
-70.136
-70.1364
-70.1368
-70.1371
-70.1375
-70.1379
-70.1382
-70.1386
-70.139
-70.1394
-70.1397
-70.1401
-70.1405
-70.1408
-70.1412
-70.1416
-70.142
-70.1423
-70.1427
-70.1431
-70.1434
-70.1438
-70.1442
-70.1445
-70.1449
-70.1453
-70.1457
-70.146
-70.1464
-70.1468
-70.1471
-70.1475
-70.1479
-70.1482
-70.1486
-70.149
-70.1493
-70.1497
-70.1501
-70.1504
-70.1508
-70.1512
-70.1515
-70.1519
-70.1523
-70.1527
-70.153
-70.1534
-70.1537
-70.1541
-70.1545
-70.1548
-70.1552
-70.1556
-70.1559
-70.1563
-70.1567
-70.157
-70.1574
-70.1578
-70.1581
-70.1585
-70.1589
-70.1592
-70.1596
-70.16
-70.1603
-70.1607
-70.161
-70.1614
-70.1618
-70.1621
-70.1625
-70.1629
-70.1632
-70.1636
-70.164
-70.1643
-70.1647
-70.165
-70.1654
-70.1658
-70.1661
-70.1665
-70.1668
-70.1672
-70.1676
-70.1679
-70.1683
-70.1687
-70.169
-70.1694
-70.1697
-70.1701
-70.1705
-70.1708
-70.1712
-70.1715
-70.1719
-70.1723
-70.1726
-70.173
-70.1733
-70.1737
-70.174
-70.1744
-70.1748
-70.1751
-70.1755
-70.1758
-70.1762
-70.1766
-70.1769
-70.1773
-70.1776
-70.178
-70.1783
-70.1787
-70.1791
-70.1794
-70.1798
-70.1801
-70.1805
-70.1808
-70.1812
-70.1815
-70.1819
-70.1823
-70.1826
-70.183
-70.1833
-70.1837
-70.184
-70.1844
-70.1847
-70.1851
-70.1855
-70.1858
-70.1862
-70.1865
-70.1869
-70.1872
-70.1876
-70.1879
-70.1883
-70.1886
-70.189
-70.1893
-70.1897
-70.19
-70.1904
-70.1907
-70.1911
-70.1915
-70.1918
-70.1922
-70.1925
-70.1929
-70.1932
-70.1936
-70.1939
-70.1943
-70.1946
-70.195
-70.1953
-70.1957
-70.196
-70.1964
-70.1967
-70.1971
-70.1974
-70.1978
-70.1981
-70.1985
-70.1988
-70.1992
-70.1995
-70.1999
-70.2002
-70.2006
-70.2009
-70.2012
-70.2016
-70.2019
-70.2023
-70.2026
-70.203
-70.2033
-70.2037
-70.204
-70.2044
-70.2047
-70.2051
-70.2054
-70.2058
-70.2061
-70.2065
-70.2068
-70.2071
-70.2075
-70.2078
-70.2082
-70.2085
-70.2089
-70.2092
-70.2096
-70.2099
-70.2102
-70.2106
-70.2109
-70.2113
-70.2116
-70.212
-70.2123
-70.2127
-70.213
-70.2133
-70.2137
-70.214
-70.2144
-70.2147
-70.2151
-70.2154
-70.2157
-70.2161
-70.2164
-70.2168
-70.2171
-70.2174
-70.2178
-70.2181
-70.2185
-70.2188
-70.2192
-70.2195
-70.2198
-70.2202
-70.2205
-70.2209
-70.2212
-70.2215
-70.2219
-70.2222
-70.2226
-70.2229
-70.2232
-70.2236
-70.2239
-70.2243
-70.2246
-70.2249
-70.2253
-70.2256
-70.2259
-70.2263
-70.2266
-70.227
-70.2273
-70.2276
-70.228
-70.2283
-70.2286
-70.229
-70.2293
-70.2297
-70.23
-70.2303
-70.2307
-70.231
-70.2313
-70.2317
-70.232
-70.2323
-70.2327
-70.233
-70.2334
-70.2337
-70.234
-70.2344
-70.2347
-70.235
-70.2354
-70.2357
-70.236
-70.2364
-70.2367
-70.237
-70.2374
-70.2377
-70.238
-70.2384
-70.2387
-70.239
-70.2394
-70.2397
-70.24
-70.2404
-70.2407
-70.241
-70.2414
-70.2417
-70.242
-70.2423
-70.2427
-70.243
-70.2433
-70.2437
-70.244
-70.2443
-70.2447
-70.245
-70.2453
-70.2456
-70.246
-70.2463
-70.2466
-70.247
-70.2473
-70.2476
-70.2479
-70.2483
-70.2486
-70.2489
-70.2492
-70.2496
-70.2499
-70.2502
-70.2505
-70.2509
-70.2512
-70.2515
-70.2518
-70.2521
-70.2524
-70.2528
-70.2531
-70.2534
-70.2537
-70.254
-70.2543
-70.2546
-70.2549
-70.2552
-70.2555
-70.2558
-70.2561
-70.2564
-70.2567
-70.257
-70.2572
-70.2575
-70.2578
-70.2581
-70.2583
-70.2586
-70.2588
-70.2591
-70.2593
-70.2595
-70.2598
-70.26
-70.2602
-70.2604
-70.2606
-70.2607
-70.2609
-70.261
-70.2612
-70.2613
-70.2614
-70.2615
-70.2615
-70.2616
-70.2616
-70.2616
-70.2615
-70.2615
-70.2614
-70.2613
-70.2611
-70.261
-70.2607
-70.2605
-70.2602
-70.2598
-70.2594
-70.2589
-70.2584
-70.2578
-70.2572
-70.2564
-70.2556
-70.2547
-70.2537
-70.2526
-70.2514
-70.2501
-70.2486
-70.247
-70.2453
-70.2435
-70.2414
-70.2392
-70.2369
-70.2343
-70.2315
-70.2285
-70.2253
-70.2217
-70.2179
-70.2137
-70.2092
-70.2042
-70.1987
-70.1927
-70.1861
-70.1788
-70.1708
-70.162
-70.1524
-70.1418
-70.1301
-70.1175
-70.1037
-70.0886
-70.0723
-70.0547
-70.0357
-70.0153
-69.9934
-69.9699
-69.9449
-69.9183
-69.89
-69.86
-69.8283
-69.7949
-69.7597
-69.7228
-69.6841
-69.6435
-69.6012
-69.557
-69.5111
-69.4633
-69.4137
-69.3623
-69.309
-69.254
-69.1971
-69.1385
-69.078
-69.0158
-68.9518
-68.8861
-68.8186
-68.7494
-68.6784
-68.6058
-68.5314
-68.4554
-68.3777
-68.2984
-68.2174
-68.1349
-68.0507
-67.9649
-67.8776
-67.7888
-67.6984
-67.6066
-67.5132
-67.4184
-67.3222
-67.2245
-67.1255
-67.0251
-66.9233
-66.8203
-66.7159
-66.6102
-66.5033
-66.3952
-66.2859
-66.1754
-66.0638
-65.951
-65.8372
-65.7222
-65.6063
-65.4893
-65.3713
-65.2524
-65.1326
-65.0118
-64.8902
-64.7677
-64.6444
-64.5203
-64.3954
-64.2697
-64.1434
-64.0163
-63.8885
-63.7601
-63.6311
-63.5015
-63.3712
-63.2404
-63.1091
-62.9772
-62.8448
-62.712
-62.5786
-62.4448
-62.3105
-62.1759
-62.0408
-61.9052
-61.7693
-61.633
-61.4964
-61.3593
-61.2219
-61.0841
-60.946
-60.8075
-60.6686
-60.5294
-60.3898
-60.2498
-60.1095
-59.9688
-59.8277
-59.6862
-59.5443
-59.4019
-59.2591
-59.1159
-58.9721
-58.8278
-58.683
-58.5376
-58.3916
-58.245
-58.0977
-57.9497
-57.8009
-57.6513
-57.5009
-57.3495
-57.1972
-57.0438
-56.8892
-56.7335
-56.5765
-56.4181
-56.2583
-56.0968
-55.9337
-55.7687
-55.6018
-55.4328
-55.2615
-55.0878
-54.9114
-54.7323
-54.55
-54.3645
-54.1755
-53.9826
-53.7855
-53.584
-53.3776
-53.166
-52.9486
-52.7252
-52.495
-52.2576
-52.0124
-51.7587
-51.4957
-51.2228
-50.9391
-50.6436
-50.3355
-50.0138
-49.6774
-49.3251
-48.9559
-48.5685
-48.1617
-47.7342
-47.2848
-46.8121
-46.3149
-45.7917
-45.2411
-44.6618
-44.0521
-43.4105
-42.7353
-42.0247
-41.277
-40.4902
-39.6625
-38.7919
-37.8765
-36.9144
-35.9035
-34.842
-33.7276
-32.5581
-31.3313
-30.0447
-28.6961
-27.2836
-25.8056
-24.2611
-22.6496
-20.9713
-19.2267
-17.4164
-15.5409
-13.5999
-11.5927
-9.51795
-7.37414
-5.16039
-2.87742
-0.528661
1.87867
4.33278
6.817
9.31017
11.7877
14.2232
16.5907
18.8663
21.0305
23.0692
24.9739
26.7422
28.3769
29.8846
31.275
32.559
33.7479
34.8522
35.8808
36.8411
37.738
38.5751
39.3542
40.0762
40.7416
41.3505
41.9036
42.4015
42.8456
43.2375
43.5792
43.8727
44.1203
44.3241
44.4862
44.6083
44.6923
44.7399
44.7526
44.7318
44.679
44.5955
44.4824
44.3411
44.1725
43.9779
43.758
43.514
43.2467
42.9569
42.6456
42.3134
41.9613
41.5901
41.2004
40.7932
40.3691
39.9289
39.4735
39.0035
38.5196
38.0226
37.5133
36.9922
36.46
35.9175
35.3652
34.8038
34.2338
33.6559
33.0705
32.4784
31.8798
31.2755
30.6657
30.0511
29.4321
28.8091
28.1824
27.5526
26.92
26.2849
25.6478
25.0089
24.3686
23.7272
23.085
22.4422
21.7992
21.1562
20.5135
19.8713
19.2298
18.5893
17.9499
17.3118
16.6753
16.0406
15.4077
14.7769
14.1482
13.522
12.8982
12.277
11.6586
11.043
10.4304
9.82078
9.21436
8.61117
8.0113
7.41482
6.82179
6.23228
5.64634
5.06402
4.48537
3.91042
3.33921
2.77177
2.20812
1.64827
1.09224
0.54004
-0.0083306
-0.552869
-1.09358
-1.63048
-2.16358
-2.6929
-3.21846
-3.74028
-4.25841
-4.77286
-5.28368
-5.79092
-6.29462
-6.79482
-7.29157
-7.78495
-8.27498
-8.76176
-9.24533
-9.72577
-10.2031
-10.6775
-11.149
-11.6176
-12.0835
-12.5467
-13.0073
-13.4655
-13.9212
-14.3746
-14.8257
-15.2747
-15.7217
-16.1668
-16.61
-17.0514
-17.4912
-17.9295
-18.3663
-18.8018
-19.236
-19.6691
-20.1011
-20.5322
-20.9624
-21.3918
-21.8206
-22.2489
-22.6766
-23.104
-23.531
-23.9579
-24.3846
-24.8112
-25.2378
-25.6646
-26.0914
-26.5185
-26.9458
-27.3734
-27.8014
-28.2298
-28.6586
-29.0878
-29.5175
-29.9478
-30.3785
-30.8097
-31.2413
-31.6735
-32.1061
-32.5391
-32.9726
-33.4064
-33.8404
-34.2747
-34.7092
-35.1438
-35.5785
-36.0131
-36.4475
-36.8817
-37.3156
-37.7491
-38.182
-38.6143
-39.0459
-39.4765
-39.9062
-40.3347
-40.762
-41.188
-41.6125
-42.0353
-42.4565
-42.8759
-43.2933
-43.7086
-44.1218
-44.5327
-44.9413
-45.3473
-45.7508
-46.1517
-46.5498
-46.945
-47.3374
-47.7268
-48.1132
-48.4965
-48.8766
-49.2535
-49.6272
-49.9976
-50.3646
-50.7283
-51.0886
-51.4456
-51.799
-52.1491
-52.4957
-52.8389
-53.1785
-53.5148
-53.8475
-54.1769
-54.5027
-54.8252
-55.1442
-55.4598
-55.7721
-56.081
-56.3865
-56.6887
-56.9876
-57.2833
-57.5757
-57.8649
-58.151
-58.4338
-58.7136
-58.9903
-59.2639
-59.5345
-59.8021
-60.0667
-60.3284
-60.5873
-60.8433
-61.0964
-61.3468
-61.5945
-61.8394
-62.0816
-62.3212
-62.5582
-62.7927
-63.0245
-63.2539
-63.4808
-63.7053
-63.9273
-64.147
-64.3643
-64.5793
-64.792
-65.0025
-65.2108
-65.4168
-65.6207
-65.8225
-66.0221
-66.2197
-66.4152
-66.6087
-66.8002
-66.9898
-67.1774
-67.363
-67.5468
-67.7287
-67.9088
-68.087
-68.2634
-68.4381
-68.611
-68.7821
-68.9516
-69.1193
-69.2854
-69.4498
-69.6126
-69.7738
-69.9333
-70.0913
-70.2478
-70.4027
-70.5561
-70.708
-70.8583
-71.0073
-71.1547
-71.3007
-71.4453
-71.5885
-71.7303
-71.8707
-72.0097
-72.1474
-72.2837
-72.4188
-72.5525
-72.6849
-72.816
-72.9459
-73.0745
-73.2019
-73.328
-73.4529
-73.5766
-73.6991
-73.8204
-73.9405
-74.0595
-74.1773
-74.2939
-74.4095
-74.5239
-74.6372
-74.7494
-74.8605
-74.9705
-75.0795
-75.1874
-75.2943
-75.4001
-75.5049
-75.6086
-75.7114
-75.8131
-75.9139
-76.0136
-76.1124
-76.2102
-76.3071
-76.403
-76.498
-76.592
-76.6851
-76.7773
-76.8686
-76.959
-77.0485
-77.1371
-77.2249
-77.3118
-77.3978
-77.483
-77.5673
-77.6508
-77.7335
-77.8153
-77.8963
-77.9766
-78.056
-78.1347
-78.2125
-78.2896
-78.366
-78.4415
-78.5164
-78.5904
-78.6638
-78.7364
-78.8083
-78.8794
-78.9499
-79.0197
-79.0887
-79.1571
-79.2248
-79.2918
-79.3582
-79.4238
-79.4889
-79.5533
-79.617
-79.6801
-79.7426
-79.8044
-79.8657
-79.9263
-79.9863
-80.0457
-80.1046
-80.1628
-80.2205
-80.2776
-80.3341
-80.3901
-80.4455
-80.5003
-80.5546
-80.6084
-80.6616
-80.7143
-80.7665
-80.8182
-80.8693
-80.9199
-80.9701
-81.0197
-81.0689
-81.1176
-81.1657
-81.2135
-81.2607
-81.3075
-81.3538
-81.3996
-81.4451
-81.49
-81.5345
-81.5786
-81.6223
-81.6655
-81.7083
-81.7507
-81.7926
-81.8342
-81.8753
-81.9161
-81.9564
-81.9964
-82.0359
-82.0751
-82.1139
-82.1524
-82.1904
-82.2281
-82.2654
-82.3024
-82.339
-82.3752
-82.4111
-82.4467
-82.4819
-82.5168
-82.5513
-82.5855
-82.6194
-82.653
-82.6862
-82.7191
-82.7517
-82.784
-82.816
-82.8477
-82.8791
-82.9102
-82.941
-82.9715
-83.0017
-83.0316
-83.0612
-83.0906
-83.1197
-83.1485
-83.177
-83.2053
-83.2333
-83.261
-83.2885
-83.3157
-83.3427
-83.3694
-83.3959
-83.4221
-83.4481
-83.4738
-83.4993
-83.5246
-83.5496
-83.5744
-83.599
-83.6233
-83.6474
-83.6713
-83.695
-83.7185
-83.7417
-83.7647
-83.7875
-83.8101
-83.8325
-83.8547
-83.8767
-83.8985
-83.9201
-83.9415
-83.9627
-83.9836
-84.0045
-84.0251
-84.0455
-84.0658
-84.0858
-84.1057
-84.1254
-84.1449
-84.1643
-84.1834
-84.2024
-84.2212
-84.2399
-84.2584
-84.2767
-84.2948
-84.3128
-84.3307
-84.3483
-84.3658
-84.3832
-84.4004
-84.4174
-84.4343
-84.451
-84.4676
-84.4841
-84.5003
-84.5165
-84.5325
-84.5483
-84.5641
-84.5796
-84.5951
-84.6104
-84.6255
-84.6405
-84.6554
-84.6702
-84.6848
-84.6993
-84.7137
-84.7279
-84.742
-84.756
-84.7699
-84.7836
-84.7972
-84.8107
-84.8241
-84.8374
-84.8505
-84.8635
-84.8764
-84.8892
-84.9019
-84.9145
-84.9269
-84.9393
-84.9515
-84.9636
-84.9756
-84.9875
-84.9993
-85.011
-85.0226
-85.0341
-85.0455
-85.0568
-85.068
-85.0791
-85.0901
-85.101
-85.1118
-85.1225
-85.1331
-85.1436
-85.154
-85.1643
-85.1745
-85.1847
-85.1947
-85.2047
-85.2146
-85.2243
-85.234
-85.2436
-85.2532
-85.2626
-85.272
-85.2812
-85.2904
-85.2995
-85.3085
-85.3175
-85.3263
-85.3351
-85.3438
-85.3524
-85.361
-85.3694
-85.3778
-85.3861
-85.3944
-85.4025
-85.4106
-85.4186
-85.4266
-85.4345
-85.4423
-85.45
-85.4576
-85.4652
-85.4727
-85.4802
-85.4876
-85.4949
-85.5021
-85.5093
-85.5164
-85.5235
-85.5305
-85.5374
-85.5442
-85.551
-85.5577
-85.5644
-85.571
-85.5775
-85.584
-85.5904
-85.5968
-85.6031
-85.6093
-85.6155
-85.6216
-85.6277
-85.6337
-85.6396
-85.6455
-85.6514
-85.6572
-85.6629
-85.6685
-85.6742
-85.6797
-85.6852
-85.6907
-85.6961
-85.7014
-85.7067
-85.712
-85.7172
-85.7223
-85.7274
-85.7324
-85.7374
-85.7424
-85.7473
-85.7521
-85.7569
-85.7616
-85.7663
-85.771
-85.7756
-85.7801
-85.7847
-85.7891
-85.7935
-85.7979
-85.8022
-85.8065
-85.8108
-85.815
-85.8191
-85.8232
-85.8273
-85.8313
-85.8353
-85.8392
-85.8431
-85.847
-85.8508
-85.8546
-85.8583
-85.862
-85.8656
-85.8692
-85.8728
-85.8763
-85.8798
-85.8833
-85.8867
-85.8901
-85.8934
-85.8967
-85.9
-85.9032
-85.9064
-85.9095
-85.9126
-85.9157
-85.9188
-85.9218
-85.9247
-85.9277
-85.9306
-85.9334
-85.9363
-85.9391
-85.9418
-85.9445
-85.9472
-85.9499
-85.9525
-85.9551
-85.9577
-85.9602
-85.9627
-85.9652
-85.9676
-85.97
-85.9724
-85.9747
-85.977
-85.9793
-85.9815
-85.9838
-85.9859
-85.9881
-85.9902
-85.9923
-85.9944
-85.9964
-85.9984
-86.0004
-86.0023
-86.0043
-86.0061
-86.008
-86.0098
-86.0116
-86.0134
-86.0152
-86.0169
-86.0186
-86.0203
-86.0219
-86.0235
-86.0251
-86.0267
-86.0282
-86.0297
-86.0312
-86.0327
-86.0341
-86.0355
-86.0369
-86.0382
-86.0396
-86.0409
-86.0421
-86.0434
-86.0446
-86.0458
-86.047
-86.0482
-86.0493
-86.0504
-86.0515
-86.0526
-86.0536
-86.0547
-86.0556
-86.0566
-86.0576
-86.0585
-86.0594
-86.0603
-86.0611
-86.062
-86.0628
-86.0636
-86.0644
-86.0651
-86.0659
-86.0666
-86.0673
-86.0679
-86.0686
-86.0692
-86.0698
-86.0704
-86.0709
-86.0715
-86.072
-86.0725
-86.073
-86.0735
-86.0739
-86.0743
-86.0747
-86.0751
-86.0755
-86.0758
-86.0761
-86.0765
-86.0767
-86.077
-86.0773
-86.0775
-86.0777
-86.0779
-86.0781
-86.0782
-86.0784
-86.0785
-86.0786
-86.0787
-86.0788
-86.0788
-86.0789
-86.0789
-86.0789
-86.0789
-86.0788
-86.0788
-86.0787
-86.0786
-86.0785
-86.0784
-86.0783
-86.0781
-86.0779
-86.0778
-86.0776
-86.0773
-86.0771
-86.0769
-86.0766
-86.0763
-86.076
-86.0757
-86.0754
-86.075
-86.0747
-86.0743
-86.0739
-86.0735
-86.0731
-86.0727
-86.0722
-86.0718
-86.0713
-86.0708
-86.0703
-86.0698
-86.0692
-86.0687
-86.0681
-86.0675
-86.0669
-86.0663
-86.0657
-86.0651
-86.0644
-86.0638
-86.0631
-86.0624
-86.0617
-86.061
-86.0603
-86.0595
-86.0588
-86.058
-86.0572
-86.0564
-86.0556
-86.0548
-86.0539
-86.0531
-86.0522
-86.0514
-86.0505
-86.0496
-86.0487
-86.0477
-86.0468
-86.0458
-86.0449
-86.0439
-86.0429
-86.0419
-86.0409
-86.0399
-86.0389
-86.0378
-86.0368
-86.0357
-86.0346
-86.0335
-86.0324
-86.0313
-86.0302
-86.029
-86.0279
-86.0267
-86.0256
-86.0244
-86.0232
-86.022
-86.0208
-86.0195
-86.0183
-86.0171
-86.0158
-86.0145
-86.0132
-86.0119
-86.0106
-86.0093
-86.008
-86.0067
-86.0053
-86.004
-86.0026
-86.0012
-85.9999
-85.9985
-85.9971
-85.9956
-85.9942
-85.9928
-85.9913
-85.9899
-85.9884
-85.9869
-85.9854
-85.984
-85.9824
-85.9809
-85.9794
-85.9779
-85.9763
-85.9748
-85.9732
-85.9717
-85.9701
-85.9685
-85.9669
-85.9653
-85.9637
-85.962
-85.9604
-85.9588
-85.9571
-85.9554
-85.9538
-85.9521
-85.9504
-85.9487
-85.947
-85.9453
-85.9436
-85.9418
-85.9401
-85.9383
-85.9366
-85.9348
-85.9331
-85.9313
-85.9295
-85.9277
-85.9259
-85.9241
-85.9222
-85.9204
-85.9186
-85.9167
-85.9149
-85.913
-85.9111
-85.9092
-85.9074
-85.9055
-85.9036
-85.9016
-85.8997
-85.8978
-85.8959
-85.8939
-85.892
-85.89
-85.8881
-85.8861
-85.8841
-85.8821
-85.8801
-85.8781
-85.8761
-85.8741
-85.8721
-85.87
-85.868
-85.866
-85.8639
-85.8618
-85.8598
-85.8577
-85.8556
-85.8535
-85.8514
-85.8493
-85.8472
-85.8451
-85.843
-85.8409
-85.8387
-85.8366
-85.8344
-85.8323
-85.8301
-85.8279
-85.8258
-85.8236
-85.8214
-85.8192
-85.817
-85.8148
-85.8126
-85.8104
-85.8081
-85.8059
-85.8036
-85.8014
-85.7991
-85.7969
-85.7946
-85.7924
-85.7901
-85.7878
-85.7855
-85.7832
-85.7809
-85.7786
-85.7763
-85.774
-85.7716
-85.7693
-85.767
-85.7646
-85.7623
-85.7599
-85.7575
-85.7552
-85.7528
-85.7504
-85.748
-85.7456
-85.7433
-85.7408
-85.7384
-85.736
-85.7336
-85.7312
-85.7288
-85.7263
-85.7239
-85.7214
-85.719
-85.7165
-85.7141
-85.7116
-85.7091
-85.7066
-85.7042
-85.7017
-85.6992
-85.6967
-85.6942
-85.6917
-85.6891
-85.6866
-85.6841
-85.6816
-85.679
-85.6765
-85.6739
-85.6714
-85.6688
-85.6663
-85.6637
-85.6611
-85.6586
-85.656
-85.6534
-85.6508
-85.6482
-85.6456
-85.643
-85.6404
-85.6378
-85.6352
-85.6325
-85.6299
-85.6273
-85.6246
-85.622
-85.6194
-85.6167
-85.6141
-85.6114
-85.6087
-85.6061
-85.6034
-85.6007
-85.598
-85.5953
-85.5926
-85.5899
-85.5872
-85.5845
-85.5818
-85.5791
-85.5764
-85.5737
-85.571
-85.5682
-85.5655
-85.5628
-85.56
-85.5573
-85.5545
-85.5518
-85.549
-85.5462
-85.5435
-85.5407
-85.5379
-85.5351
-85.5323
-85.5296
-85.5268
-85.524
-85.5212
-85.5184
-85.5156
-85.5127
-85.5099
-85.5071
-85.5043
-85.5015
-85.4986
-85.4958
-85.493
-85.4901
-85.4873
-85.4844
-85.4816
-85.4787
-85.4758
-85.473
-85.4701
-85.4672
-85.4644
-85.4615
-85.4586
-85.4557
-85.4528
-85.4499
-85.447
-85.4441
-85.4412
-85.4383
-85.4354
-85.4325
-85.4296
-85.4267
-85.4237
-85.4208
-85.4179
-85.4149
-85.412
-85.4091
-85.4061
-85.4032
-85.4002
-85.3973
-85.3943
-85.3913
-85.3884
-85.3854
-85.3824
-85.3795
-85.3765
-85.3735
-85.3705
-85.3675
-85.3645
-85.3615
-85.3585
-85.3555
-85.3525
-85.3495
-85.3465
-85.3435
-85.3405
-85.3375
-85.3345
-85.3314
-85.3284
-85.3254
-85.3223
-85.3193
-85.3163
-85.3132
-85.3102
-85.3071
-85.3041
-85.301
-85.298
-85.2949
-85.2918
-85.2888
-85.2857
-85.2826
-85.2796
-85.2765
-85.2734
-85.2703
-85.2672
-85.2642
-85.2611
-85.258
-85.2549
-85.2518
-85.2487
-85.2456
-85.2425
-85.2394
-85.2363
-85.2331
-85.23
-85.2269
-85.2238
-85.2207
-85.2175
-85.2144
-85.2113
-85.2081
-85.205
-85.2019
-85.1987
-85.1956
-85.1924
-85.1893
-85.1861
-85.183
-85.1798
-85.1767
-85.1735
-85.1703
-85.1672
-85.164
-85.1608
-85.1577
-85.1545
-85.1513
-85.1481
-85.1449
-85.1418
-85.1386
-85.1354
-85.1322
-85.129
-85.1258
-85.1226
-85.1194
-85.1162
-85.113
-85.1098
-85.1066
-85.1034
-85.1002
-85.0969
-85.0937
-85.0905
-85.0873
-85.0841
-85.0808
-85.0776
-85.0744
-85.0711
-85.0679
-85.0647
-85.0614
-85.0582
-85.0549
-85.0517
-85.0485
-85.0452
-85.042
-85.0387
-85.0354
-85.0322
-85.0289
-85.0257
-85.0224
-85.0191
-85.0159
-85.0126
-85.0093
-85.0061
-85.0028
-84.9995
-84.9962
-84.993
-84.9897
-84.9864
-84.9831
-84.9798
-84.9765
-84.9732
-84.97
-84.9667
-84.9634
-84.9601
-84.9568
-84.9535
-84.9502
-84.9469
-84.9436
-84.9403
-84.9369
-84.9336
-84.9303
-84.927
-84.9237
-84.9204
-84.9171
-84.9137
-84.9104
-84.9071
-84.9038
-84.9004
-84.8971
-84.8938
-84.8904
-84.8871
-84.8838
-84.8804
-84.8771
-84.8738
-84.8704
-84.8671
-84.8637
-84.8604
-84.857
-84.8537
-84.8503
-84.847
-84.8436
-84.8403
-84.8369
-84.8336
-84.8302
-84.8268
-84.8235
-84.8201
-84.8167
-84.8134
-84.81
-84.8066
-84.8033
-84.7999
-84.7965
-84.7932
-84.7898
-84.7864
-84.783
-84.7796
-84.7763
-84.7729
-84.7695
-84.7661
-84.7627
-84.7593
-84.7559
-84.7526
-84.7492
-84.7458
-84.7424
-84.739
-84.7356
-84.7322
-84.7288
-84.7254
-84.722
-84.7186
-84.7152
-84.7118
-84.7084
-84.705
-84.7016
-84.6981
-84.6947
-84.6913
-84.6879
-84.6845
-84.6811
-84.6777
-84.6742
-84.6708
-84.6674
-84.664
-84.6606
-84.6571
-84.6537
-84.6503
-84.6469
-84.6434
-84.64
-84.6366
-84.6331
-84.6297
-84.6263
-84.6228
-84.6194
-84.616
-84.6125
-84.6091
-84.6057
-84.6022
-84.5988
-84.5953
-84.5919
-84.5885
-84.585
-84.5816
-84.5781
-84.5747
-84.5712
-84.5678
-84.5643
-84.5609
-84.5574
-84.554
-84.5505
-84.5471
-84.5436
-84.5401
-84.5367
-84.5332
-84.5298
-84.5263
-84.5228
-84.5194
-84.5159
-84.5125
-84.509
-84.5055
-84.5021
-84.4986
-84.4951
-84.4917
-84.4882
-84.4847
-84.4813
-84.4778
-84.4743
-84.4708
-84.4674
-84.4639
-84.4604
-84.4569
-84.4535
-84.45
-84.4465
-84.443
-84.4395
-84.4361
-84.4326
-84.4291
-84.4256
-84.4221
-84.4187
-84.4152
-84.4117
-84.4082
-84.4047
-84.4012
-84.3977
-84.3942
-84.3908
-84.3873
-84.3838
-84.3803
-84.3768
-84.3733
-84.3698
-84.3663
-84.3628
-84.3593
-84.3558
-84.3523
-84.3488
-84.3453
-84.3418
-84.3384
-84.3349
-84.3314
-84.3279
-84.3244
-84.3209
-84.3174
-84.3138
-84.3103
-84.3068
-84.3033
-84.2998
-84.2963
-84.2928
-84.2893
-84.2858
-84.2823
-84.2788
-84.2753
-84.2718
-84.2683
-84.2648
-84.2613
-84.2577
-84.2542
-84.2507
-84.2472
-84.2437
-84.2402
-84.2367
-84.2332
-84.2297
-84.2261
-84.2226
-84.2191
-84.2156
-84.2121
-84.2086
-84.205
-84.2015
-84.198
-84.1945
-84.191
-84.1875
-84.1839
-84.1804
-84.1769
-84.1734
-84.1699
-84.1663
-84.1628
-84.1593
-84.1558
-84.1523
-84.1487
-84.1452
-84.1417
-84.1382
-84.1346
-84.1311
-84.1276
-84.1241
-84.1206
-84.117
-84.1135
-84.11
-84.1065
-84.1029
-84.0994
-84.0959
-84.0923
-84.0888
-84.0853
-84.0818
-84.0782
-84.0747
-84.0712
-84.0677
-84.0641
-84.0606
-84.0571
-84.0535
-84.05
-84.0465
-84.0429
-84.0394
-84.0359
-84.0324
-84.0288
-84.0253
-84.0218
-84.0182
-84.0147
-84.0112
-84.0076
-84.0041
-84.0006
-83.997
-83.9935
-83.99
-83.9864
-83.9829
-83.9794
-83.9758
-83.9723
-83.9688
-83.9652
-83.9617
-83.9582
-83.9546
-83.9511
-83.9476
-83.944
-83.9405
-83.937
-83.9334
-83.9299
-83.9264
-83.9228
-83.9193
-83.9158
-83.9122
-83.9087
-83.9052
-83.9016
-83.8981
-83.8945
-83.891
-83.8875
-83.8839
-83.8804
-83.8769
-83.8733
-83.8698
-83.8663
-83.8627
-83.8592
-83.8556
-83.8521
-83.8486
-83.845
-83.8415
-83.838
-83.8344
-83.8309
-83.8274
-83.8238
-83.8203
-83.8168
-83.8132
-83.8097
-83.8061
-83.8026
-83.7991
-83.7955
-83.792
-83.7885
-83.7849
-83.7814
-83.7779
-83.7743
-83.7708
-83.7672
-83.7637
-83.7602
-83.7566
-83.7531
-83.7496
-83.746
-83.7425
-83.739
-83.7354
-83.7319
-83.7284
-83.7248
-83.7213
-83.7178
-83.7142
-83.7107
-83.7072
-83.7036
-83.7001
-83.6965
-83.693
-83.6895
-83.6859
-83.6824
-83.6789
-83.6753
-83.6718
-83.6683
-83.6647
-83.6612
-83.6577
-83.6541
-83.6506
-83.6471
-83.6436
-83.64
-83.6365
-83.633
-83.6294
-83.6259
-83.6224
-83.6188
-83.6153
-83.6118
-83.6082
-83.6047
-83.6012
-83.5976
-83.5941
-83.5906
-83.5871
-83.5835
-83.58
-83.5765
-83.5729
-83.5694
-83.5659
-83.5624
-83.5588
-83.5553
-83.5518
-83.5482
-83.5447
-83.5412
-83.5377
-83.5341
-83.5306
-83.5271
-83.5236
-83.52
-83.5165
-83.513
-83.5095
-83.5059
-83.5024
-83.4989
-83.4954
-83.4918
-83.4883
-83.4848
-83.4813
-83.4777
-83.4742
-83.4707
-83.4672
-83.4637
-83.4601
-83.4566
-83.4531
-83.4496
-83.4461
-83.4425
-83.439
-83.4355
-83.432
-83.4285
-83.4249
-83.4214
-83.4179
-83.4144
-83.4109
-83.4074
-83.4038
-83.4003
-83.3968
-83.3933
-83.3898
-83.3863
-83.3827
-83.3792
-83.3757
-83.3722
-83.3687
-83.3652
-83.3617
-83.3582
-83.3546
-83.3511
-83.3476
-83.3441
-83.3406
-83.3371
-83.3336
-83.3301
-83.3266
-83.3231
-83.3195
-83.316
-83.3125
-83.309
-83.3055
-83.302
-83.2985
-83.295
-83.2915
-83.288
-83.2845
-83.281
-83.2775
-83.274
-83.2705
-83.267
-83.2635
-83.26
-83.2565
-83.253
-83.2495
-83.246
-83.2425
-83.239
-83.2355
-83.232
-83.2285
-83.225
-83.2215
-83.218
-83.2145
-83.211
-83.2075
-83.204
-83.2005
-83.197
-83.1935
-83.19
-83.1865
-83.183
-83.1795
-83.176
-83.1725
-83.169
-83.1656
-83.1621
-83.1586
-83.1551
-83.1516
-83.1481
-83.1446
-83.1411
-83.1376
-83.1342
-83.1307
-83.1272
-83.1237
-83.1202
-83.1167
-83.1132
-83.1098
-83.1063
-83.1028
-83.0993
-83.0958
-83.0924
-83.0889
-83.0854
-83.0819
-83.0784
-83.075
-83.0715
-83.068
-83.0645
-83.061
-83.0576
-83.0541
-83.0506
-83.0471
-83.0437
-83.0402
-83.0367
-83.0332
-83.0298
-83.0263
-83.0228
-83.0194
-83.0159
-83.0124
-83.0089
-83.0055
-83.002
-82.9985
-82.9951
-82.9916
-82.9881
-82.9847
-82.9812
-82.9777
-82.9743
-82.9708
-82.9674
-82.9639
-82.9604
-82.957
-82.9535
-82.95
-82.9466
-82.9431
-82.9397
-82.9362
-82.9328
-82.9293
-82.9258
-82.9224
-82.9189
-82.9155
-82.912
-82.9086
-82.9051
-82.9017
-82.8982
-82.8948
-82.8913
-82.8879
-82.8844
-82.881
-82.8775
-82.8741
-82.8706
-82.8672
-82.8637
-82.8603
-82.8568
-82.8534
-82.8499
-82.8465
-82.843
-82.8396
-82.8362
-82.8327
-82.8293
-82.8258
-82.8224
-82.819
-82.8155
-82.8121
-82.8086
-82.8052
-82.8018
-82.7983
-82.7949
-82.7915
-82.788
-82.7846
-82.7812
-82.7777
-82.7743
-82.7709
-82.7674
-82.764
-82.7606
-82.7572
-82.7537
-82.7503
-82.7469
-82.7434
-82.74
-82.7366
-82.7332
-82.7297
-82.7263
-82.7229
-82.7195
-82.7161
-82.7126
-82.7092
-82.7058
-82.7024
-82.699
-82.6955
-82.6921
-82.6887
-82.6853
-82.6819
-82.6785
-82.6751
-82.6716
-82.6682
-82.6648
-82.6614
-82.658
-82.6546
-82.6512
-82.6478
-82.6444
-82.6409
-82.6375
-82.6341
-82.6307
-82.6273
-82.6239
-82.6205
-82.6171
-82.6137
-82.6103
-82.6069
-82.6035
-82.6001
-82.5967
-82.5933
-82.5899
-82.5865
-82.5831
-82.5797
-82.5763
-82.5729
-82.5695
-82.5662
-82.5628
-82.5594
-82.556
-82.5526
-82.5492
-82.5458
-82.5424
-82.539
-82.5356
-82.5323
-82.5289
-82.5255
-82.5221
-82.5187
-82.5153
-82.512
-82.5086
-82.5052
-82.5018
-82.4984
-82.4951
-82.4917
-82.4883
-82.4849
-82.4815
-82.4782
-82.4748
-82.4714
-82.468
-82.4647
-82.4613
-82.4579
-82.4546
-82.4512
-82.4478
-82.4445
-82.4411
-82.4377
-82.4343
-82.431
-82.4276
-82.4243
-82.4209
-82.4175
-82.4142
-82.4108
-82.4074
-82.4041
-82.4007
-82.3974
-82.394
-82.3906
-82.3873
-82.3839
-82.3806
-82.3772
-82.3739
-82.3705
-82.3672
-82.3638
-82.3605
-82.3571
-82.3538
-82.3504
-82.3471
-82.3437
-82.3404
-82.337
-82.3337
-82.3303
-82.327
-82.3237
-82.3203
-82.317
-82.3136
-82.3103
-82.3069
-82.3036
-82.3003
-82.2969
-82.2936
-82.2903
-82.2869
-82.2836
-82.2803
-82.2769
-82.2736
-82.2703
-82.2669
-82.2636
-82.2603
-82.2569
-82.2536
-82.2503
-82.247
-82.2436
-82.2403
-82.237
-82.2337
-82.2303
-82.227
-82.2237
-82.2204
-82.2171
-82.2137
-82.2104
-82.2071
-82.2038
-82.2005
-82.1972
-82.1938
-82.1905
-82.1872
-82.1839
-82.1806
-82.1773
-82.174
-82.1707
-82.1673
-82.164
-82.1607
-82.1574
-82.1541
-82.1508
-82.1475
-82.1442
-82.1409
-82.1376
-82.1343
-82.131
-82.1277
-82.1244
-82.1211
-82.1178
-82.1145
-82.1112
-82.1079
-82.1046
-82.1013
-82.098
-82.0948
-82.0915
-82.0882
-82.0849
-82.0816
-82.0783
-82.075
-82.0717
-82.0684
-82.0652
-82.0619
-82.0586
-82.0553
-82.052
-82.0487
-82.0455
-82.0422
-82.0389
-82.0356
-82.0324
-82.0291
-82.0258
-82.0225
-82.0193
-82.016
-82.0127
-82.0094
-82.0062
-82.0029
-81.9996
-81.9964
-81.9931
-81.9898
-81.9866
-81.9833
-81.98
-81.9768
-81.9735
-81.9702
-81.967
-81.9637
-81.9605
-81.9572
-81.9539
-81.9507
-81.9474
-81.9442
-81.9409
-81.9377
-81.9344
-81.9311
-81.9279
-81.9246
-81.9214
-81.9181
-81.9149
-81.9116
-81.9084
-81.9052
-81.9019
-81.8987
-81.8954
-81.8922
-81.8889
-81.8857
-81.8824
-81.8792
-81.876
-81.8727
-81.8695
-81.8663
-81.863
-81.8598
-81.8565
-81.8533
-81.8501
-81.8468
-81.8436
-81.8404
-81.8372
-81.8339
-81.8307
-81.8275
-81.8242
-81.821
-81.8178
-81.8146
-81.8113
-81.8081
-81.8049
-81.8017
-81.7985
-81.7952
-81.792
-81.7888
-81.7856
-81.7824
-81.7791
-81.7759
-81.7727
-81.7695
-81.7663
-81.7631
-81.7599
-81.7567
-81.7535
-81.7502
-81.747
-81.7438
-81.7406
-81.7374
-81.7342
-81.731
-81.7278
-81.7246
-81.7214
-81.7182
-81.715
-81.7118
-81.7086
-81.7054
-81.7022
-81.699
-81.6958
-81.6926
-81.6894
-81.6862
-81.6831
-81.6799
-81.6767
-81.6735
-81.6703
-81.6671
-81.6639
-81.6607
-81.6576
-81.6544
-81.6512
-81.648
-81.6448
-81.6416
-81.6385
-81.6353
-81.6321
-81.6289
-81.6258
-81.6226
-81.6194
-81.6162
-81.6131
-81.6099
-81.6067
-81.6035
-81.6004
-81.5972
-81.594
-81.5909
-81.5877
-81.5845
-81.5814
-81.5782
-81.575
-81.5719
-81.5687
-81.5656
-81.5624
-81.5592
-81.5561
-81.5529
-81.5498
-81.5466
-81.5434
-81.5403
-81.5371
-81.534
-81.5308
-81.5277
-81.5245
-81.5214
-81.5182
-81.5151
-81.5119
-81.5088
-81.5056
-81.5025
-81.4994
-81.4962
-81.4931
-81.4899
-81.4868
-81.4837
-81.4805
-81.4774
-81.4742
-81.4711
-81.468
-81.4648
-81.4617
-81.4586
-81.4554
-81.4523
-81.4492
-81.446
-81.4429
-81.4398
-81.4367
-81.4335
-81.4304
-81.4273
-81.4242
-81.421
-81.4179
-81.4148
-81.4117
-81.4086
-81.4054
-81.4023
-81.3992
-81.3961
-81.393
-81.3899
-81.3867
-81.3836
-81.3805
-81.3774
-81.3743
-81.3712
-81.3681
-81.365
-81.3619
-81.3588
-81.3556
-81.3525
-81.3494
-81.3463
-81.3432
-81.3401
-81.337
-81.3339
-81.3308
-81.3277
-81.3246
-81.3215
-81.3184
-81.3154
-81.3123
-81.3092
-81.3061
-81.303
-81.2999
-81.2968
-81.2937
-81.2906
-81.2875
-81.2845
-81.2814
-81.2783
-81.2752
-81.2721
-81.269
-81.266
-81.2629
-81.2598
-81.2567
-81.2536
-81.2506
-81.2475
-81.2444
-81.2413
-81.2383
-81.2352
-81.2321
-81.229
-81.226
-81.2229
-81.2198
-81.2168
-81.2137
-81.2106
-81.2076
-81.2045
-81.2014
-81.1984
-81.1953
-81.1923
-81.1892
-81.1861
-81.1831
-81.18
-81.177
-81.1739
-81.1709
-81.1678
-81.1647
-81.1617
-81.1586
-81.1556
-81.1525
-81.1495
-81.1464
-81.1434
-81.1403
-81.1373
-81.1343
-81.1312
-81.1282
-81.1251
-81.1221
-81.119
-81.116
-81.113
-81.1099
-81.1069
-81.1039
-81.1008
-81.0978
-81.0948
-81.0917
-81.0887
-81.0857
-81.0826
-81.0796
-81.0766
-81.0735
-81.0705
-81.0675
-81.0645
-81.0614
-81.0584
-81.0554
-81.0524
-81.0493
-81.0463
-81.0433
-81.0403
-81.0373
-81.0342
-81.0312
-81.0282
-81.0252
-81.0222
-81.0192
-81.0162
-81.0132
-81.0101
-81.0071
-81.0041
-81.0011
-80.9981
-80.9951
-80.9921
-80.9891
-80.9861
-80.9831
-80.9801
-80.9771
-80.9741
-80.9711
-80.9681
-80.9651
-80.9621
-80.9591
-80.9561
-80.9531
-80.9501
-80.9471
-80.9441
-80.9411
-80.9381
-80.9352
-80.9322
-80.9292
-80.9262
-80.9232
-80.9202
-80.9172
-80.9143
-80.9113
-80.9083
-80.9053
-80.9023
-80.8994
-80.8964
-80.8934
-80.8904
-80.8874
-80.8845
-80.8815
-80.8785
-80.8756
-80.8726
-80.8696
-80.8666
-80.8637
-80.8607
-80.8577
-80.8548
-80.8518
-80.8488
-80.8459
-80.8429
-80.84
-80.837
-80.834
-80.8311
-80.8281
-80.8252
-80.8222
-80.8192
-80.8163
-80.8133
-80.8104
-80.8074
-80.8045
-80.8015
-80.7986
-80.7956
-80.7927
-80.7897
-80.7868
-80.7838
-80.7809
-80.7779
-80.775
-80.7721
-80.7691
-80.7662
-80.7632
-80.7603
-80.7574
-80.7544
-80.7515
-80.7485
-80.7456
-80.7427
-80.7397
-80.7368
-80.7339
-80.7309
-80.728
-80.7251
-80.7222
-80.7192
-80.7163
-80.7134
-80.7105
-80.7075
-80.7046
-80.7017
-80.6988
-80.6958
-80.6929
-80.69
-80.6871
-80.6842
-80.6813
-80.6783
-80.6754
-80.6725
-80.6696
-80.6667
-80.6638
-80.6609
-80.658
-80.655
-80.6521
-80.6492
-80.6463
-80.6434
-80.6405
-80.6376
-80.6347
-80.6318
-80.6289
-80.626
-80.6231
-80.6202
-80.6173
-80.6144
-80.6115
-80.6086
-80.6057
-80.6028
-80.5999
-80.597
-80.5942
-80.5913
-80.5884
-80.5855
-80.5826
-80.5797
-80.5768
-80.5739
-80.5711
-80.5682
-80.5653
-80.5624
-80.5595
-80.5566
-80.5538
-80.5509
-80.548
-80.5451
-80.5423
-80.5394
-80.5365
-80.5336
-80.5308
-80.5279
-80.525
-80.5221
-80.5193
-80.5164
-80.5135
-80.5107
-80.5078
-80.5049
-80.5021
-80.4992
-80.4964
-80.4935
-80.4906
-80.4878
-80.4849
-80.4821
-80.4792
-80.4763
-80.4735
-80.4706
-80.4678
-80.4649
-80.4621
-80.4592
-80.4564
-80.4535
-80.4507
-80.4478
-80.445
-80.4421
-80.4393
-80.4364
-80.4336
-80.4308
-80.4279
-80.4251
-80.4222
-80.4194
-80.4165
-80.4137
-80.4109
-80.408
-80.4052
-80.4024
-80.3995
-80.3967
-80.3939
-80.391
-80.3882
-80.3854
-80.3825
-80.3797
-80.3769
-80.3741
-80.3712
-80.3684
-80.3656
-80.3628
-80.3599
-80.3571
-80.3543
-80.3515
-80.3487
-80.3458
-80.343
-80.3402
-80.3374
-80.3346
-80.3318
-80.329
-80.3261
-80.3233
-80.3205
-80.3177
-80.3149
-80.3121
-80.3093
-80.3065
-80.3037
-80.3009
-80.2981
-80.2953
-80.2925
-80.2897
-80.2869
-80.2841
-80.2813
-80.2785
-80.2757
-80.2729
-80.2701
-80.2673
-80.2645
-80.2617
-80.2589
-80.2561
-80.2533
-80.2505
-80.2477
-80.245
-80.2422
-80.2394
-80.2366
-80.2338
-80.231
-80.2282
-80.2255
-80.2227
-80.2199
-80.2171
-80.2143
-80.2116
-80.2088
-80.206
-80.2032
-80.2005
-80.1977
-80.1949
-80.1921
-80.1894
-80.1866
-80.1838
-80.1811
-80.1783
-80.1755
-80.1728
-80.17
-80.1672
-80.1645
-80.1617
-80.1589
-80.1562
-80.1534
-80.1507
-80.1479
-80.1451
-80.1424
-80.1396
-80.1369
-80.1341
-80.1314
-80.1286
-80.1259
-80.1231
-80.1204
-80.1176
-80.1149
-80.1121
-80.1094
-80.1066
-80.1039
-80.1011
-80.0984
-80.0956
-80.0929
-80.0902
-80.0874
-80.0847
-80.0819
-80.0792
-80.0765
-80.0737
-80.071
-80.0683
-80.0655
-80.0628
-80.0601
-80.0573
-80.0546
-80.0519
-80.0491
-80.0464
-80.0437
-80.041
-80.0382
-80.0355
-80.0328
-80.0301
-80.0273
-80.0246
-80.0219
-80.0192
-80.0165
-80.0137
-80.011
-80.0083
-80.0056
-80.0029
-80.0002
-79.9974
-79.9947
-79.992
-79.9893
-79.9866
-79.9839
-79.9812
-79.9785
-79.9758
-79.9731
-79.9704
-79.9676
-79.9649
-79.9622
-79.9595
-79.9568
-79.9541
-79.9514
-79.9487
-79.946
-79.9433
-79.9407
-79.938
-79.9353
-79.9326
-79.9299
-79.9272
-79.9245
-79.9218
-79.9191
-79.9164
-79.9137
-79.911
-79.9084
-79.9057
-79.903
-79.9003
-79.8976
-79.8949
-79.8923
-79.8896
-79.8869
-79.8842
-79.8815
-79.8789
-79.8762
-79.8735
-79.8708
-79.8682
-79.8655
-79.8628
-79.8601
-79.8575
-79.8548
-79.8521
-79.8495
-79.8468
-79.8441
-79.8415
-79.8388
-79.8361
-79.8335
-79.8308
-79.8281
-79.8255
-79.8228
-79.8202
-79.8175
-79.8149
-79.8122
-79.8095
-79.8069
-79.8042
-79.8016
-79.7989
-79.7963
-79.7936
-79.791
-79.7883
-79.7857
-79.783
-79.7804
-79.7777
-79.7751
-79.7724
-79.7698
-79.7672
-79.7645
-79.7619
-79.7592
-79.7566
-79.7539
-79.7513
-79.7487
-79.746
-79.7434
-79.7408
-79.7381
-79.7355
-79.7329
-79.7302
-79.7276
-79.725
-79.7223
-79.7197
-79.7171
-79.7145
-79.7118
-79.7092
-79.7066
-79.704
-79.7013
-79.6987
-79.6961
-79.6935
-79.6908
-79.6882
-79.6856
-79.683
-79.6804
-79.6778
-79.6751
-79.6725
-79.6699
-79.6673
-79.6647
-79.6621
-79.6595
-79.6569
-79.6543
-79.6516
-79.649
-79.6464
-79.6438
-79.6412
-79.6386
-79.636
-79.6334
-79.6308
-79.6282
-79.6256
-79.623
-79.6204
-79.6178
