0	-70
0.005	-70.0007
0.01	-70.0013
0.015	-70.0019
0.02	-70.0025
0.025	-70.0031
0.03	-70.0036
0.035	-70.0041
0.04	-70.0047
0.045	-70.0052
0.05	-70.0057
0.055	-70.0062
0.06	-70.0067
0.065	-70.0072
0.07	-70.0077
0.075	-70.0082
0.08	-70.0087
0.085	-70.0091
0.09	-70.0096
0.095	-70.0101
0.1	-70.0106
0.105	-70.011
0.11	-70.0115
0.115	-70.012
0.12	-70.0124
0.125	-70.0129
0.13	-70.0134
0.135	-70.0138
0.14	-70.0143
0.145	-70.0147
0.15	-70.0152
0.155	-70.0156
0.16	-70.0161
0.165	-70.0165
0.17	-70.017
0.175	-70.0174
0.18	-70.0179
0.185	-70.0183
0.19	-70.0188
0.195	-70.0192
0.2	-70.0197
0.205	-70.0201
0.21	-70.0205
0.215	-70.021
0.22	-70.0214
0.225	-70.0219
0.23	-70.0223
0.235	-70.0227
0.24	-70.0232
0.245	-70.0236
0.25	-70.0241
0.255	-70.0245
0.26	-70.0249
0.265	-70.0254
0.27	-70.0258
0.275	-70.0262
0.28	-70.0267
0.285	-70.0271
0.29	-70.0275
0.295	-70.028
0.3	-70.0284
0.305	-70.0288
0.31	-70.0292
0.315	-70.0297
0.32	-70.0301
0.325	-70.0305
0.33	-70.031
0.335	-70.0314
0.34	-70.0318
0.345	-70.0322
0.35	-70.0327
0.355	-70.0331
0.36	-70.0335
0.365	-70.0339
0.37	-70.0344
0.375	-70.0348
0.38	-70.0352
0.385	-70.0356
0.39	-70.0361
0.395	-70.0365
0.4	-70.0369
0.405	-70.0373
0.41	-70.0377
0.415	-70.0382
0.42	-70.0386
0.425	-70.039
0.43	-70.0394
0.435	-70.0398
0.44	-70.0403
0.445	-70.0407
0.45	-70.0411
0.455	-70.0415
0.46	-70.0419
0.465	-70.0424
0.47	-70.0428
0.475	-70.0432
0.48	-70.0436
0.485	-70.044
0.49	-70.0444
0.495	-70.0449
0.5	-70.0453
0.505	-70.0457
0.51	-70.0461
0.515	-70.0465
0.52	-70.0469
0.525	-70.0474
0.53	-70.0478
0.535	-70.0482
0.54	-70.0486
0.545	-70.049
0.55	-70.0494
0.555	-70.0498
0.56	-70.0503
0.565	-70.0507
0.57	-70.0511
0.575	-70.0515
0.58	-70.0519
0.585	-70.0523
0.59	-70.0527
0.595	-70.0531
0.6	-70.0536
0.605	-70.054
0.61	-70.0544
0.615	-70.0548
0.62	-70.0552
0.625	-70.0556
0.63	-70.056
0.635	-70.0564
0.64	-70.0568
0.645	-70.0572
0.65	-70.0577
0.655	-70.0581
0.66	-70.0585
0.665	-70.0589
0.67	-70.0593
0.675	-70.0597
0.68	-70.0601
0.685	-70.0605
0.69	-70.0609
0.695	-70.0613
0.7	-70.0617
0.705	-70.0621
0.71	-70.0625
0.715	-70.063
0.72	-70.0634
0.725	-70.0638
0.73	-70.0642
0.735	-70.0646
0.74	-70.065
0.745	-70.0654
0.75	-70.0658
0.755	-70.0662
0.76	-70.0666
0.765	-70.067
0.77	-70.0674
0.775	-70.0678
0.78	-70.0682
0.785	-70.0686
0.79	-70.069
0.795	-70.0694
0.8	-70.0698
0.805	-70.0702
0.81	-70.0706
0.815	-70.071
0.82	-70.0714
0.825	-70.0718
0.83	-70.0722
0.835	-70.0726
0.84	-70.073
0.845	-70.0734
0.85	-70.0739
0.855	-70.0743
0.86	-70.0747
0.865	-70.0751
0.87	-70.0755
0.875	-70.0759
0.88	-70.0763
0.885	-70.0767
0.89	-70.0771
0.895	-70.0775
0.9	-70.0779
0.905	-70.0783
0.91	-70.0787
0.915	-70.079
0.92	-70.0794
0.925	-70.0798
0.93	-70.0802
0.935	-70.0806
0.94	-70.081
0.945	-70.0814
0.95	-70.0818
0.955	-70.0822
0.96	-70.0826
0.965	-70.083
0.97	-70.0834
0.975	-70.0838
0.98	-70.0842
0.985	-70.0846
0.99	-70.085
0.995	-70.0854
1	-70.0858
1.005	-70.0862
1.01	-70.0866
1.015	-70.087
1.02	-70.0874
1.025	-70.0878
1.03	-70.0882
1.035	-70.0886
1.04	-70.089
1.045	-70.0894
1.05	-70.0898
1.055	-70.0901
1.06	-70.0905
1.065	-70.0909
1.07	-70.0913
1.075	-70.0917
1.08	-70.0921
1.085	-70.0925
1.09	-70.0929
1.095	-70.0933
1.1	-70.0937
1.105	-70.0941
1.11	-70.0945
1.115	-70.0949
1.12	-70.0953
1.125	-70.0956
1.13	-70.096
1.135	-70.0964
1.14	-70.0968
1.145	-70.0972
1.15	-70.0976
1.155	-70.098
1.16	-70.0984
1.165	-70.0988
1.17	-70.0992
1.175	-70.0996
1.18	-70.0999
1.185	-70.1003
1.19	-70.1007
1.195	-70.1011
1.2	-70.1015
1.205	-70.1019
1.21	-70.1023
1.215	-70.1027
1.22	-70.1031
1.225	-70.1034
1.23	-70.1038
1.235	-70.1042
1.24	-70.1046
1.245	-70.105
1.25	-70.1054
1.255	-70.1058
1.26	-70.1062
1.265	-70.1065
1.27	-70.1069
1.275	-70.1073
1.28	-70.1077
1.285	-70.1081
1.29	-70.1085
1.295	-70.1089
1.3	-70.1092
1.305	-70.1096
1.31	-70.11
1.315	-70.1104
1.32	-70.1108
1.325	-70.1112
1.33	-70.1116
1.335	-70.1119
1.34	-70.1123
1.345	-70.1127
1.35	-70.1131
1.355	-70.1135
1.36	-70.1139
1.365	-70.1143
1.37	-70.1146
1.375	-70.115
1.38	-70.1154
1.385	-70.1158
1.39	-70.1162
1.395	-70.1166
1.4	-70.1169
1.405	-70.1173
1.41	-70.1177
1.415	-70.1181
1.42	-70.1185
1.425	-70.1188
1.43	-70.1192
1.435	-70.1196
1.44	-70.12
1.445	-70.1204
1.45	-70.1208
1.455	-70.1211
1.46	-70.1215
1.465	-70.1219
1.47	-70.1223
1.475	-70.1227
1.48	-70.123
1.485	-70.1234
1.49	-70.1238
1.495	-70.1242
1.5	-70.1246
1.505	-70.1249
1.51	-70.1253
1.515	-70.1257
1.52	-70.1261
1.525	-70.1265
1.53	-70.1268
1.535	-70.1272
1.54	-70.1276
1.545	-70.128
1.55	-70.1283
1.555	-70.1287
1.56	-70.1291
1.565	-70.1295
1.57	-70.1299
1.575	-70.1302
1.58	-70.1306
1.585	-70.131
1.59	-70.1314
1.595	-70.1317
1.6	-70.1321
1.605	-70.1325
1.61	-70.1329
1.615	-70.1332
1.62	-70.1336
1.625	-70.134
1.63	-70.1344
1.635	-70.1348
1.64	-70.1351
1.645	-70.1355
1.65	-70.1359
1.655	-70.1363
1.66	-70.1366
1.665	-70.137
1.67	-70.1374
1.675	-70.1377
1.68	-70.1381
1.685	-70.1385
1.69	-70.1389
1.695	-70.1392
1.7	-70.1396
1.705	-70.14
1.71	-70.1404
1.715	-70.1407
1.72	-70.1411
1.725	-70.1415
1.73	-70.1419
1.735	-70.1422
1.74	-70.1426
1.745	-70.143
1.75	-70.1433
1.755	-70.1437
1.76	-70.1441
1.765	-70.1445
1.77	-70.1448
1.775	-70.1452
1.78	-70.1456
1.785	-70.1459
1.79	-70.1463
1.795	-70.1467
1.8	-70.1471
1.805	-70.1474
1.81	-70.1478
1.815	-70.1482
1.82	-70.1485
1.825	-70.1489
1.83	-70.1493
1.835	-70.1496
1.84	-70.15
1.845	-70.1504
1.85	-70.1508
1.855	-70.1511
1.86	-70.1515
1.865	-70.1519
1.87	-70.1522
1.875	-70.1526
1.88	-70.153
1.885	-70.1533
1.89	-70.1537
1.895	-70.1541
1.9	-70.1544
1.905	-70.1548
1.91	-70.1552
1.915	-70.1555
1.92	-70.1559
1.925	-70.1563
1.93	-70.1566
1.935	-70.157
1.94	-70.1574
1.945	-70.1577
1.95	-70.1581
1.955	-70.1585
1.96	-70.1588
1.965	-70.1592
1.97	-70.1596
1.975	-70.1599
1.98	-70.1603
1.985	-70.1607
1.99	-70.161
1.995	-70.1614
2	-70.1618
2.005	-70.1621
2.01	-70.1625
2.015	-70.1628
2.02	-70.1632
2.025	-70.1636
2.03	-70.1639
2.035	-70.1643
2.04	-70.1647
2.045	-70.165
2.05	-70.1654
2.055	-70.1658
2.06	-70.1661
2.065	-70.1665
2.07	-70.1668
2.075	-70.1672
2.08	-70.1676
2.085	-70.1679
2.09	-70.1683
2.095	-70.1687
2.1	-70.169
2.105	-70.1694
2.11	-70.1697
2.115	-70.1701
2.12	-70.1705
2.125	-70.1708
2.13	-70.1712
2.135	-70.1715
2.14	-70.1719
2.145	-70.1723
2.15	-70.1726
2.155	-70.173
2.16	-70.1733
2.165	-70.1737
2.17	-70.1741
2.175	-70.1744
2.18	-70.1748
2.185	-70.1751
2.19	-70.1755
2.195	-70.1759
2.2	-70.1762
2.205	-70.1766
2.21	-70.1769
2.215	-70.1773
2.22	-70.1777
2.225	-70.178
2.23	-70.1784
2.235	-70.1787
2.24	-70.1791
2.245	-70.1794
2.25	-70.1798
2.255	-70.1802
2.26	-70.1805
2.265	-70.1809
2.27	-70.1812
2.275	-70.1816
2.28	-70.1819
2.285	-70.1823
2.29	-70.1827
2.295	-70.183
2.3	-70.1834
2.305	-70.1837
2.31	-70.1841
2.315	-70.1844
2.32	-70.1848
2.325	-70.1851
2.33	-70.1855
2.335	-70.1859
2.34	-70.1862
2.345	-70.1866
2.35	-70.1869
2.355	-70.1873
2.36	-70.1876
2.365	-70.188
2.37	-70.1883
2.375	-70.1887
2.38	-70.189
2.385	-70.1894
2.39	-70.1897
2.395	-70.1901
2.4	-70.1905
2.405	-70.1908
2.41	-70.1912
2.415	-70.1915
2.42	-70.1919
2.425	-70.1922
2.43	-70.1926
2.435	-70.1929
2.44	-70.1933
2.445	-70.1936
2.45	-70.194
2.455	-70.1943
2.46	-70.1947
2.465	-70.195
2.47	-70.1954
2.475	-70.1957
2.48	-70.1961
2.485	-70.1964
2.49	-70.1968
2.495	-70.1971
2.5	-70.1975
2.505	-70.1978
2.51	-70.1982
2.515	-70.1985
2.52	-70.1989
2.525	-70.1992
2.53	-70.1996
2.535	-70.1999
2.54	-70.2003
2.545	-70.2006
2.55	-70.201
2.555	-70.2013
2.56	-70.2017
2.565	-70.202
2.57	-70.2024
2.575	-70.2027
2.58	-70.2031
2.585	-70.2034
2.59	-70.2038
2.595	-70.2041
2.6	-70.2045
2.605	-70.2048
2.61	-70.2052
2.615	-70.2055
2.62	-70.2058
2.625	-70.2062
2.63	-70.2065
2.635	-70.2069
2.64	-70.2072
2.645	-70.2076
2.65	-70.2079
2.655	-70.2083
2.66	-70.2086
2.665	-70.209
2.67	-70.2093
2.675	-70.2097
2.68	-70.21
2.685	-70.2103
2.69	-70.2107
2.695	-70.211
2.7	-70.2114
2.705	-70.2117
2.71	-70.2121
2.715	-70.2124
2.72	-70.2128
2.725	-70.2131
2.73	-70.2134
2.735	-70.2138
2.74	-70.2141
2.745	-70.2145
2.75	-70.2148
2.755	-70.2152
2.76	-70.2155
2.765	-70.2158
2.77	-70.2162
2.775	-70.2165
2.78	-70.2169
2.785	-70.2172
2.79	-70.2176
2.795	-70.2179
2.8	-70.2182
2.805	-70.2186
2.81	-70.2189
2.815	-70.2193
2.82	-70.2196
2.825	-70.22
2.83	-70.2203
2.835	-70.2206
2.84	-70.221
2.845	-70.2213
2.85	-70.2217
2.855	-70.222
2.86	-70.2223
2.865	-70.2227
2.87	-70.223
2.875	-70.2234
2.88	-70.2237
2.885	-70.224
2.89	-70.2244
2.895	-70.2247
2.9	-70.2251
2.905	-70.2254
2.91	-70.2257
2.915	-70.2261
2.92	-70.2264
2.925	-70.2267
2.93	-70.2271
2.935	-70.2274
2.94	-70.2278
2.945	-70.2281
2.95	-70.2284
2.955	-70.2288
2.96	-70.2291
2.965	-70.2294
2.97	-70.2298
2.975	-70.2301
2.98	-70.2305
2.985	-70.2308
2.99	-70.2311
2.995	-70.2315
3	-70.2318
3.005	-70.2321
3.01	-70.2325
3.015	-70.2328
3.02	-70.2331
3.025	-70.2335
3.03	-70.2338
3.035	-70.2342
3.04	-70.2345
3.045	-70.2348
3.05	-70.2352
3.055	-70.2355
3.06	-70.2358
3.065	-70.2362
3.07	-70.2365
3.075	-70.2368
3.08	-70.2372
3.085	-70.2375
3.09	-70.2378
3.095	-70.2382
3.1	-70.2385
3.105	-70.2388
3.11	-70.2391
3.115	-70.2395
3.12	-70.2398
3.125	-70.2401
3.13	-70.2405
3.135	-70.2408
3.14	-70.2411
3.145	-70.2415
3.15	-70.2418
3.155	-70.2421
3.16	-70.2424
3.165	-70.2428
3.17	-70.2431
3.175	-70.2434
3.18	-70.2437
3.185	-70.244
3.19	-70.2444
3.195	-70.2447
3.2	-70.245
3.205	-70.2453
3.21	-70.2456
3.215	-70.2459
3.22	-70.2462
3.225	-70.2465
3.23	-70.2468
3.235	-70.2471
3.24	-70.2474
3.245	-70.2477
3.25	-70.248
3.255	-70.2483
3.26	-70.2486
3.265	-70.2489
3.27	-70.2492
3.275	-70.2494
3.28	-70.2497
3.285	-70.2499
3.29	-70.2502
3.295	-70.2504
3.3	-70.2507
3.305	-70.2509
3.31	-70.2511
3.315	-70.2513
3.32	-70.2515
3.325	-70.2517
3.33	-70.2518
3.335	-70.252
3.34	-70.2521
3.345	-70.2522
3.35	-70.2523
3.355	-70.2524
3.36	-70.2525
3.365	-70.2525
3.37	-70.2525
3.375	-70.2525
3.38	-70.2524
3.385	-70.2523
3.39	-70.2522
3.395	-70.252
3.4	-70.2518
3.405	-70.2516
3.41	-70.2513
3.415	-70.2509
3.42	-70.2505
3.425	-70.2501
3.43	-70.2496
3.435	-70.249
3.44	-70.2483
3.445	-70.2476
3.45	-70.2468
3.455	-70.2458
3.46	-70.2448
3.465	-70.2437
3.47	-70.2424
3.475	-70.241
3.48	-70.2395
3.485	-70.2378
3.49	-70.2359
3.495	-70.2339
3.5	-70.2317
3.505	-70.2293
3.51	-70.2268
3.515	-70.224
3.52	-70.221
3.525	-70.2177
3.53	-70.2143
3.535	-70.2105
3.54	-70.2065
3.545	-70.2022
3.55	-70.1976
3.555	-70.1926
3.56	-70.1872
3.565	-70.1814
3.57	-70.1751
3.575	-70.1683
3.58	-70.161
3.585	-70.1531
3.59	-70.1445
3.595	-70.1351
3.6	-70.125
3.605	-70.1141
3.61	-70.1023
3.615	-70.0896
3.62	-70.0758
3.625	-70.061
3.63	-70.0449
3.635	-70.0275
3.64	-70.0088
3.645	-69.9885
3.65	-69.9667
3.655	-69.9431
3.66	-69.9178
3.665	-69.8906
3.67	-69.8615
3.675	-69.8305
3.68	-69.7976
3.685	-69.7627
3.69	-69.7258
3.695	-69.6869
3.7	-69.6459
3.705	-69.6026
3.71	-69.5568
3.715	-69.5081
3.72	-69.4561
3.725	-69.3999
3.73	-69.3385
3.735	-69.2704
3.74	-69.1936
3.745	-69.1054
3.75	-69.0026
3.755	-68.8813
3.76	-68.738
3.765	-68.57
3.77	-68.3765
3.775	-68.1596
3.78	-67.9226
3.785	-67.6696
3.79	-67.4033
3.795	-67.1254
3.8	-66.8364
3.805	-66.5364
3.81	-66.2258
3.815	-65.9051
3.82	-65.5751
3.825	-65.2366
3.83	-64.8909
3.835	-64.5388
3.84	-64.1812
3.845	-63.8191
3.85	-63.4532
3.855	-63.084
3.86	-62.7122
3.865	-62.3384
3.87	-61.9628
3.875	-61.586
3.88	-61.2083
3.885	-60.8299
3.89	-60.4511
3.895	-60.0721
3.9	-59.6928
3.905	-59.3135
3.91	-58.934
3.915	-58.5544
3.92	-58.1747
3.925	-57.7948
3.93	-57.4148
3.935	-57.0345
3.94	-56.654
3.945	-56.2734
3.95	-55.8926
3.955	-55.5118
3.96	-55.1311
3.965	-54.7504
3.97	-54.3699
3.975	-53.9897
3.98	-53.61
3.985	-53.2307
3.99	-52.8521
3.995	-52.4742
4	-52.0972
4.005	-51.7211
4.01	-51.3461
4.015	-50.9723
4.02	-50.5999
4.025	-50.2289
4.03	-49.8595
4.035	-49.4918
4.04	-49.1259
4.045	-48.7619
4.05	-48.4001
4.055	-48.0405
4.06	-47.6832
4.065	-47.3284
4.07	-46.9761
4.075	-46.6266
4.08	-46.2798
4.085	-45.936
4.09	-45.5952
4.095	-45.2576
4.1	-44.9231
4.105	-44.592
4.11	-44.2642
4.115	-43.9398
4.12	-43.619
4.125	-43.3017
4.13	-42.988
4.135	-42.678
4.14	-42.3716
4.145	-42.069
4.15	-41.77
4.155	-41.4747
4.16	-41.1832
4.165	-40.8953
4.17	-40.6111
4.175	-40.3305
4.18	-40.0535
4.185	-39.78
4.19	-39.5101
4.195	-39.2436
4.2	-38.9805
4.205	-38.7206
4.21	-38.464
4.215	-38.2104
4.22	-37.9599
4.225	-37.7123
4.23	-37.4675
4.235	-37.2254
4.24	-36.9859
4.245	-36.7488
4.25	-36.5141
4.255	-36.2815
4.26	-36.051
4.265	-35.8224
4.27	-35.5955
4.275	-35.3702
4.28	-35.1463
4.285	-34.9238
4.29	-34.7023
4.295	-34.4818
4.3	-34.262
4.305	-34.0427
4.31	-33.8239
4.315	-33.6053
4.32	-33.3866
4.325	-33.1678
4.33	-32.9485
4.335	-32.7286
4.34	-32.5079
4.345	-32.286
4.35	-32.0629
4.355	-31.8382
4.36	-31.6116
4.365	-31.383
4.37	-31.152
4.375	-30.9184
4.38	-30.6817
4.385	-30.4418
4.39	-30.1982
4.395	-29.9506
4.4	-29.6986
4.405	-29.4418
4.41	-29.1797
4.415	-28.912
4.42	-28.6381
4.425	-28.3575
4.43	-28.0696
4.435	-27.7739
4.44	-27.4698
4.445	-27.1565
4.45	-26.8334
4.455	-26.4997
4.46	-26.1547
4.465	-25.7974
4.47	-25.4269
4.475	-25.0423
4.48	-24.6426
4.485	-24.2266
4.49	-23.7931
4.495	-23.3409
4.5	-22.8686
4.505	-22.3749
4.51	-21.8581
4.515	-21.3166
4.52	-20.7488
4.525	-20.1527
4.53	-19.5265
4.535	-18.8682
4.54	-18.1756
4.545	-17.4466
4.55	-16.6789
4.555	-15.8702
4.56	-15.0183
4.565	-14.1207
4.57	-13.1754
4.575	-12.1801
4.58	-11.1329
4.585	-10.0322
4.59	-8.87647
4.595	-7.66485
4.6	-6.39688
4.605	-5.07271
4.61	-3.69322
4.615	-2.26008
4.62	-0.775841
4.625	0.756077
4.63	2.3313
4.635	3.94457
4.64	5.58975
4.645	7.26002
4.65	8.94784
4.655	10.6453
4.66	12.3443
4.665	14.0364
4.67	15.7138
4.675	17.3685
4.68	18.9933
4.685	20.5818
4.69	22.1281
4.695	23.6271
4.7	25.0748
4.705	26.4678
4.71	27.8035
4.715	29.0799
4.72	30.2957
4.725	31.45
4.73	32.5424
4.735	33.5728
4.74	34.5413
4.745	35.4484
4.75	36.2949
4.755	37.0816
4.76	37.8098
4.765	38.4811
4.77	39.0971
4.775	39.6598
4.78	40.1713
4.785	40.6339
4.79	41.0498
4.795	41.4214
4.8	41.7508
4.805	42.0403
4.81	42.2919
4.815	42.5075
4.82	42.6889
4.825	42.8377
4.83	42.9554
4.835	43.0433
4.84	43.1027
4.845	43.1347
4.85	43.1404
4.855	43.1206
4.86	43.0765
4.865	43.0086
4.87	42.9179
4.875	42.8051
4.88	42.6709
4.885	42.5159
4.89	42.3408
4.895	42.1462
4.9	41.9327
4.905	41.7008
4.91	41.4512
4.915	41.1844
4.92	40.901
4.925	40.6014
4.93	40.2862
4.935	39.956
4.94	39.6112
4.945	39.2523
4.95	38.8799
4.955	38.4944
4.96	38.0963
4.965	37.6861
4.97	37.2643
4.975	36.8313
4.98	36.3875
4.985	35.9335
4.99	35.4696
4.995	34.9963
5	34.514
5.005	34.0231
5.01	33.524
5.015	33.0171
5.02	32.5028
5.025	31.9815
5.03	31.4535
5.035	30.9192
5.04	30.379
5.045	29.8332
5.05	29.2822
5.055	28.7262
5.06	28.1657
5.065	27.6009
5.07	27.0321
5.075	26.4596
5.08	25.8837
5.085	25.3048
5.09	24.723
5.095	24.1387
5.1	23.5521
5.105	22.9635
5.11	22.3731
5.115	21.7811
5.12	21.1878
5.125	20.5935
5.13	19.9982
5.135	19.4023
5.14	18.806
5.145	18.2094
5.15	17.6127
5.155	17.0161
5.16	16.4198
5.165	15.824
5.17	15.2288
5.175	14.6344
5.18	14.0409
5.185	13.4485
5.19	12.8574
5.195	12.2676
5.2	11.6793
5.205	11.0926
5.21	10.5076
5.215	9.92454
5.22	9.3434
5.225	8.76432
5.23	8.18741
5.235	7.61275
5.24	7.04043
5.245	6.47054
5.25	5.90315
5.255	5.33835
5.26	4.7762
5.265	4.21676
5.27	3.66011
5.275	3.10629
5.28	2.55537
5.285	2.00738
5.29	1.46239
5.295	0.920415
5.3	0.38151
5.305	-0.154295
5.31	-0.68697
5.315	-1.21649
5.32	-1.74283
5.325	-2.26597
5.33	-2.78589
5.335	-3.30258
5.34	-3.81604
5.345	-4.32626
5.35	-4.83323
5.355	-5.33695
5.36	-5.83743
5.365	-6.33468
5.37	-6.8287
5.375	-7.3195
5.38	-7.80711
5.385	-8.29155
5.39	-8.77282
5.395	-9.25096
5.4	-9.72599
5.405	-10.1979
5.41	-10.6669
5.415	-11.1328
5.42	-11.5957
5.425	-12.0557
5.43	-12.5128
5.435	-12.967
5.44	-13.4185
5.445	-13.8671
5.45	-14.3131
5.455	-14.7564
5.46	-15.1972
5.465	-15.6354
5.47	-16.071
5.475	-16.5043
5.48	-16.9352
5.485	-17.3638
5.49	-17.7901
5.495	-18.2143
5.5	-18.6363
5.505	-19.0563
5.51	-19.4743
5.515	-19.8903
5.52	-20.3046
5.525	-20.717
5.53	-21.1277
5.535	-21.5368
5.54	-21.9443
5.545	-22.3503
5.55	-22.7549
5.555	-23.158
5.56	-23.5599
5.565	-23.9605
5.57	-24.36
5.575	-24.7584
5.58	-25.1557
5.585	-25.552
5.59	-25.9474
5.595	-26.3419
5.6	-26.7356
5.605	-27.1286
5.61	-27.5209
5.615	-27.9125
5.62	-28.3036
5.625	-28.6941
5.63	-29.084
5.635	-29.4736
5.64	-29.8626
5.645	-30.2513
5.65	-30.6396
5.655	-31.0276
5.66	-31.4152
5.665	-31.8026
5.67	-32.1896
5.675	-32.5764
5.68	-32.9629
5.685	-33.3492
5.69	-33.7352
5.695	-34.1209
5.7	-34.5063
5.705	-34.8914
5.71	-35.2762
5.715	-35.6607
5.72	-36.0448
5.725	-36.4285
5.73	-36.8118
5.735	-37.1946
5.74	-37.5769
5.745	-37.9586
5.75	-38.3397
5.755	-38.7202
5.76	-39.0999
5.765	-39.4789
5.77	-39.857
5.775	-40.2342
5.78	-40.6104
5.785	-40.9856
5.79	-41.3596
5.795	-41.7325
5.8	-42.1042
5.805	-42.4745
5.81	-42.8434
5.815	-43.2108
5.82	-43.5767
5.825	-43.9411
5.83	-44.3037
5.835	-44.6646
5.84	-45.0236
5.845	-45.3808
5.85	-45.7361
5.855	-46.0893
5.86	-46.4405
5.865	-46.7895
5.87	-47.1364
5.875	-47.4811
5.88	-47.8235
5.885	-48.1636
5.89	-48.5013
5.895	-48.8366
5.9	-49.1695
5.905	-49.5
5.91	-49.8279
5.915	-50.1533
5.92	-50.4761
5.925	-50.7964
5.93	-51.1141
5.935	-51.4292
5.94	-51.7417
5.945	-52.0516
5.95	-52.3588
5.955	-52.6634
5.96	-52.9653
5.965	-53.2646
5.97	-53.5612
5.975	-53.8552
5.98	-54.1466
5.985	-54.4354
5.99	-54.7215
5.995	-55.005
6	-55.2859
6.005	-55.5642
6.01	-55.8399
6.015	-56.1131
6.02	-56.3838
6.025	-56.6519
6.03	-56.9174
6.035	-57.1805
6.04	-57.4412
6.045	-57.6993
6.05	-57.955
6.055	-58.2084
6.06	-58.4593
6.065	-58.7078
6.07	-58.954
6.075	-59.1978
6.08	-59.4394
6.085	-59.6786
6.09	-59.9156
6.095	-60.1504
6.1	-60.3829
6.105	-60.6132
6.11	-60.8414
6.115	-61.0674
6.12	-61.2912
6.125	-61.513
6.13	-61.7326
6.135	-61.9502
6.14	-62.1658
6.145	-62.3793
6.15	-62.5909
6.155	-62.8004
6.16	-63.008
6.165	-63.2137
6.17	-63.4175
6.175	-63.6193
6.18	-63.8193
6.185	-64.0175
6.19	-64.2138
6.195	-64.4083
6.2	-64.601
6.205	-64.792
6.21	-64.9811
6.215	-65.1686
6.22	-65.3544
6.225	-65.5384
6.23	-65.7208
6.235	-65.9015
6.24	-66.0806
6.245	-66.258
6.25	-66.4339
6.255	-66.6082
6.26	-66.7809
6.265	-66.952
6.27	-67.1216
6.275	-67.2897
6.28	-67.4563
6.285	-67.6214
6.29	-67.7851
6.295	-67.9472
6.3	-68.108
6.305	-68.2673
6.31	-68.4252
6.315	-68.5817
6.32	-68.7368
6.325	-68.8906
6.33	-69.043
6.335	-69.194
6.34	-69.3438
6.345	-69.4922
6.35	-69.6393
6.355	-69.7851
6.36	-69.9297
6.365	-70.0729
6.37	-70.215
6.375	-70.3558
6.38	-70.4953
6.385	-70.6337
6.39	-70.7708
6.395	-70.9068
6.4	-71.0416
6.405	-71.1752
6.41	-71.3076
6.415	-71.4389
6.42	-71.5691
6.425	-71.6981
6.43	-71.826
6.435	-71.9528
6.44	-72.0785
6.445	-72.2031
6.45	-72.3266
6.455	-72.4491
6.46	-72.5705
6.465	-72.6909
6.47	-72.8102
6.475	-72.9284
6.48	-73.0457
6.485	-73.1619
6.49	-73.2771
6.495	-73.3914
6.5	-73.5046
6.505	-73.6169
6.51	-73.7281
6.515	-73.8385
6.52	-73.9478
6.525	-74.0562
6.53	-74.1637
6.535	-74.2702
6.54	-74.3758
6.545	-74.4805
6.55	-74.5843
6.555	-74.6872
6.56	-74.7891
6.565	-74.8902
6.57	-74.9904
6.575	-75.0898
6.58	-75.1882
6.585	-75.2858
6.59	-75.3826
6.595	-75.4785
6.6	-75.5735
6.605	-75.6677
6.61	-75.7611
6.615	-75.8537
6.62	-75.9455
6.625	-76.0364
6.63	-76.1266
6.635	-76.2159
6.64	-76.3045
6.645	-76.3923
6.65	-76.4793
6.655	-76.5655
6.66	-76.651
6.665	-76.7358
6.67	-76.8197
6.675	-76.903
6.68	-76.9854
6.685	-77.0672
6.69	-77.1482
6.695	-77.2286
6.7	-77.3082
6.705	-77.387
6.71	-77.4652
6.715	-77.5427
6.72	-77.6195
6.725	-77.6956
6.73	-77.7711
6.735	-77.8458
6.74	-77.9199
6.745	-77.9933
6.75	-78.0661
6.755	-78.1382
6.76	-78.2097
6.765	-78.2805
6.77	-78.3507
6.775	-78.4203
6.78	-78.4892
6.785	-78.5575
6.79	-78.6252
6.795	-78.6923
6.8	-78.7588
6.805	-78.8247
6.81	-78.89
6.815	-78.9547
6.82	-79.0188
6.825	-79.0824
6.83	-79.1454
6.835	-79.2078
6.84	-79.2696
6.845	-79.3309
6.85	-79.3916
6.855	-79.4518
6.86	-79.5115
6.865	-79.5706
6.87	-79.6291
6.875	-79.6872
6.88	-79.7447
6.885	-79.8017
6.89	-79.8582
6.895	-79.9141
6.9	-79.9696
6.905	-80.0245
6.91	-80.079
6.915	-80.133
6.92	-80.1865
6.925	-80.2395
6.93	-80.292
6.935	-80.344
6.94	-80.3956
6.945	-80.4467
6.95	-80.4974
6.955	-80.5476
6.96	-80.5973
6.965	-80.6466
6.97	-80.6954
6.975	-80.7438
6.98	-80.7918
6.985	-80.8393
6.99	-80.8865
6.995	-80.9331
7	-80.9794
7.005	-81.0252
7.01	-81.0707
7.015	-81.1157
7.02	-81.1603
7.025	-81.2045
7.03	-81.2484
7.035	-81.2918
7.04	-81.3348
7.045	-81.3775
7.05	-81.4197
7.055	-81.4616
7.06	-81.5031
7.065	-81.5443
7.07	-81.5851
7.075	-81.6255
7.08	-81.6655
7.085	-81.7052
7.09	-81.7445
7.095	-81.7835
7.1	-81.8222
7.105	-81.8605
7.11	-81.8984
7.115	-81.936
7.12	-81.9733
7.125	-82.0103
7.13	-82.0469
7.135	-82.0832
7.14	-82.1191
7.145	-82.1548
7.15	-82.1901
7.155	-82.2252
7.16	-82.2599
7.165	-82.2943
7.17	-82.3284
7.175	-82.3622
7.18	-82.3957
7.185	-82.4289
7.19	-82.4618
7.195	-82.4944
7.2	-82.5268
7.205	-82.5588
7.21	-82.5906
7.215	-82.6221
7.22	-82.6533
7.225	-82.6843
7.23	-82.7149
7.235	-82.7453
7.24	-82.7755
7.245	-82.8054
7.25	-82.835
7.255	-82.8643
7.26	-82.8934
7.265	-82.9223
7.27	-82.9509
7.275	-82.9792
7.28	-83.0073
7.285	-83.0352
7.29	-83.0628
7.295	-83.0902
7.3	-83.1173
7.305	-83.1442
7.31	-83.1709
7.315	-83.1973
7.32	-83.2235
7.325	-83.2495
7.33	-83.2753
7.335	-83.3008
7.34	-83.3261
7.345	-83.3512
7.35	-83.3761
7.355	-83.4008
7.36	-83.4253
7.365	-83.4495
7.37	-83.4736
7.375	-83.4974
7.38	-83.521
7.385	-83.5445
7.39	-83.5677
7.395	-83.5907
7.4	-83.6136
7.405	-83.6362
7.41	-83.6586
7.415	-83.6809
7.42	-83.703
7.425	-83.7248
7.43	-83.7465
7.435	-83.768
7.44	-83.7894
7.445	-83.8105
7.45	-83.8315
7.455	-83.8523
7.46	-83.8729
7.465	-83.8933
7.47	-83.9136
7.475	-83.9337
7.48	-83.9536
7.485	-83.9734
7.49	-83.9929
7.495	-84.0124
7.5	-84.0316
7.505	-84.0507
7.51	-84.0697
7.515	-84.0884
7.52	-84.1071
7.525	-84.1255
7.53	-84.1438
7.535	-84.162
7.54	-84.18
7.545	-84.1978
7.55	-84.2155
7.555	-84.2331
7.56	-84.2505
7.565	-84.2678
7.57	-84.2849
7.575	-84.3018
7.58	-84.3187
7.585	-84.3354
7.59	-84.3519
7.595	-84.3683
7.6	-84.3846
7.605	-84.4008
7.61	-84.4168
7.615	-84.4326
7.62	-84.4484
7.625	-84.464
7.63	-84.4795
7.635	-84.4948
7.64	-84.51
7.645	-84.5251
7.65	-84.5401
7.655	-84.5549
7.66	-84.5697
7.665	-84.5843
7.67	-84.5987
7.675	-84.6131
7.68	-84.6273
7.685	-84.6415
7.69	-84.6555
7.695	-84.6694
7.7	-84.6831
7.705	-84.6968
7.71	-84.7103
7.715	-84.7238
7.72	-84.7371
7.725	-84.7503
7.73	-84.7634
7.735	-84.7764
7.74	-84.7893
7.745	-84.8021
7.75	-84.8147
7.755	-84.8273
7.76	-84.8398
7.765	-84.8521
7.77	-84.8644
7.775	-84.8765
7.78	-84.8886
7.785	-84.9005
7.79	-84.9124
7.795	-84.9242
7.8	-84.9358
7.805	-84.9474
7.81	-84.9589
7.815	-84.9702
7.82	-84.9815
7.825	-84.9927
7.83	-85.0038
7.835	-85.0148
7.84	-85.0257
7.845	-85.0365
7.85	-85.0472
7.855	-85.0579
7.86	-85.0684
7.865	-85.0789
7.87	-85.0893
7.875	-85.0995
7.88	-85.1097
7.885	-85.1199
7.89	-85.1299
7.895	-85.1399
7.9	-85.1497
7.905	-85.1595
7.91	-85.1692
7.915	-85.1788
7.92	-85.1884
7.925	-85.1978
7.93	-85.2072
7.935	-85.2165
7.94	-85.2257
7.945	-85.2349
7.95	-85.244
7.955	-85.253
7.96	-85.2619
7.965	-85.2707
7.97	-85.2795
7.975	-85.2882
7.98	-85.2968
7.985	-85.3054
7.99	-85.3139
7.995	-85.3223
8	-85.3306
8.005	-85.3389
8.01	-85.3471
8.015	-85.3552
8.02	-85.3633
8.025	-85.3712
8.03	-85.3792
8.035	-85.387
8.04	-85.3948
8.045	-85.4025
8.05	-85.4102
8.055	-85.4178
8.06	-85.4253
8.065	-85.4328
8.07	-85.4402
8.075	-85.4475
8.08	-85.4548
8.085	-85.462
8.09	-85.4691
8.095	-85.4762
8.1	-85.4832
8.105	-85.4902
8.11	-85.4971
8.115	-85.5039
8.12	-85.5107
8.125	-85.5175
8.13	-85.5241
8.135	-85.5307
8.14	-85.5373
8.145	-85.5438
8.15	-85.5502
8.155	-85.5566
8.16	-85.5629
8.165	-85.5692
8.17	-85.5754
8.175	-85.5816
8.18	-85.5877
8.185	-85.5937
8.19	-85.5997
8.195	-85.6057
8.2	-85.6115
8.205	-85.6174
8.21	-85.6232
8.215	-85.6289
8.22	-85.6346
8.225	-85.6402
8.23	-85.6458
8.235	-85.6513
8.24	-85.6568
8.245	-85.6622
8.25	-85.6676
8.255	-85.673
8.26	-85.6782
8.265	-85.6835
8.27	-85.6887
8.275	-85.6938
8.28	-85.6989
8.285	-85.704
8.29	-85.709
8.295	-85.7139
8.3	-85.7188
8.305	-85.7237
8.31	-85.7285
8.315	-85.7333
8.32	-85.738
8.325	-85.7427
8.33	-85.7473
8.335	-85.7519
8.34	-85.7565
8.345	-85.761
8.35	-85.7654
8.355	-85.7698
8.36	-85.7742
8.365	-85.7786
8.37	-85.7829
8.375	-85.7871
8.38	-85.7913
8.385	-85.7955
8.39	-85.7996
8.395	-85.8037
8.4	-85.8078
8.405	-85.8118
8.41	-85.8158
8.415	-85.8197
8.42	-85.8236
8.425	-85.8274
8.43	-85.8312
8.435	-85.835
8.44	-85.8388
8.445	-85.8425
8.45	-85.8461
8.455	-85.8497
8.46	-85.8533
8.465	-85.8569
8.47	-85.8604
8.475	-85.8639
8.48	-85.8673
8.485	-85.8707
8.49	-85.8741
8.495	-85.8774
8.5	-85.8807
8.505	-85.884
8.51	-85.8872
8.515	-85.8904
8.52	-85.8936
8.525	-85.8967
8.53	-85.8998
8.535	-85.9028
8.54	-85.9059
8.545	-85.9089
8.55	-85.9118
8.555	-85.9147
8.56	-85.9176
8.565	-85.9205
8.57	-85.9233
8.575	-85.9261
8.58	-85.9289
8.585	-85.9316
8.59	-85.9343
8.595	-85.937
8.6	-85.9396
8.605	-85.9422
8.61	-85.9448
8.615	-85.9473
8.62	-85.9499
8.625	-85.9523
8.63	-85.9548
8.635	-85.9572
8.64	-85.9596
8.645	-85.962
8.65	-85.9643
8.655	-85.9666
8.66	-85.9689
8.665	-85.9711
8.67	-85.9734
8.675	-85.9756
8.68	-85.9777
8.685	-85.9799
8.69	-85.982
8.695	-85.984
8.7	-85.9861
8.705	-85.9881
8.71	-85.9901
8.715	-85.9921
8.72	-85.994
8.725	-85.9959
8.73	-85.9978
8.735	-85.9997
8.74	-86.0015
8.745	-86.0033
8.75	-86.0051
8.755	-86.0069
8.76	-86.0086
8.765	-86.0103
8.77	-86.012
8.775	-86.0137
8.78	-86.0153
8.785	-86.0169
8.79	-86.0185
8.795	-86.02
8.8	-86.0216
8.805	-86.0231
8.81	-86.0246
8.815	-86.026
8.82	-86.0275
8.825	-86.0289
8.83	-86.0303
8.835	-86.0316
8.84	-86.033
8.845	-86.0343
8.85	-86.0356
8.855	-86.0368
8.86	-86.0381
8.865	-86.0393
8.87	-86.0405
8.875	-86.0417
8.88	-86.0429
8.885	-86.044
8.89	-86.0451
8.895	-86.0462
8.9	-86.0473
8.905	-86.0483
8.91	-86.0493
8.915	-86.0503
8.92	-86.0513
8.925	-86.0523
8.93	-86.0532
8.935	-86.0541
8.94	-86.055
8.945	-86.0559
8.95	-86.0568
8.955	-86.0576
8.96	-86.0584
8.965	-86.0592
8.97	-86.06
8.975	-86.0607
8.98	-86.0615
8.985	-86.0622
8.99	-86.0629
8.995	-86.0635
9	-86.0642
9.005	-86.0648
9.01	-86.0654
9.015	-86.066
9.02	-86.0666
9.025	-86.0672
9.03	-86.0677
9.035	-86.0682
9.04	-86.0687
9.045	-86.0692
9.05	-86.0697
9.055	-86.0701
9.06	-86.0705
9.065	-86.0709
9.07	-86.0713
9.075	-86.0717
9.08	-86.072
9.085	-86.0724
9.09	-86.0727
9.095	-86.073
9.1	-86.0733
9.105	-86.0735
9.11	-86.0738
9.115	-86.074
9.12	-86.0742
9.125	-86.0744
9.13	-86.0746
9.135	-86.0747
9.14	-86.0749
9.145	-86.075
9.15	-86.0751
9.155	-86.0752
9.16	-86.0753
9.165	-86.0753
9.17	-86.0754
9.175	-86.0754
9.18	-86.0754
9.185	-86.0754
9.19	-86.0754
9.195	-86.0753
9.2	-86.0753
9.205	-86.0752
9.21	-86.0751
9.215	-86.075
9.22	-86.0749
9.225	-86.0747
9.23	-86.0746
9.235	-86.0744
9.24	-86.0742
9.245	-86.074
9.25	-86.0738
9.255	-86.0736
9.26	-86.0734
9.265	-86.0731
9.27	-86.0728
9.275	-86.0725
9.28	-86.0722
9.285	-86.0719
9.29	-86.0716
9.295	-86.0712
9.3	-86.0709
9.305	-86.0705
9.31	-86.0701
9.315	-86.0697
9.32	-86.0693
9.325	-86.0689
9.33	-86.0684
9.335	-86.0679
9.34	-86.0675
9.345	-86.067
9.35	-86.0665
9.355	-86.066
9.36	-86.0654
9.365	-86.0649
9.37	-86.0643
9.375	-86.0638
9.38	-86.0632
9.385	-86.0626
9.39	-86.062
9.395	-86.0613
9.4	-86.0607
9.405	-86.0601
9.41	-86.0594
9.415	-86.0587
9.42	-86.058
9.425	-86.0573
9.43	-86.0566
9.435	-86.0559
9.44	-86.0551
9.445	-86.0544
9.45	-86.0536
9.455	-86.0528
9.46	-86.052
9.465	-86.0512
9.47	-86.0504
9.475	-86.0496
9.48	-86.0488
9.485	-86.0479
9.49	-86.047
9.495	-86.0462
9.5	-86.0453
9.505	-86.0444
9.51	-86.0435
9.515	-86.0425
9.52	-86.0416
9.525	-86.0406
9.53	-86.0397
9.535	-86.0387
9.54	-86.0377
9.545	-86.0367
9.55	-86.0357
9.555	-86.0347
9.56	-86.0337
9.565	-86.0326
9.57	-86.0316
9.575	-86.0305
9.58	-86.0295
9.585	-86.0284
9.59	-86.0273
9.595	-86.0262
9.6	-86.0251
9.605	-86.0239
9.61	-86.0228
9.615	-86.0216
9.62	-86.0205
9.625	-86.0193
9.63	-86.0181
9.635	-86.0169
9.64	-86.0157
9.645	-86.0145
9.65	-86.0133
9.655	-86.012
9.66	-86.0108
9.665	-86.0095
9.67	-86.0083
9.675	-86.007
9.68	-86.0057
9.685	-86.0044
9.69	-86.0031
9.695	-86.0018
9.7	-86.0005
9.705	-85.9991
9.71	-85.9978
9.715	-85.9964
9.72	-85.9951
9.725	-85.9937
9.73	-85.9923
9.735	-85.9909
9.74	-85.9895
9.745	-85.9881
9.75	-85.9867
9.755	-85.9852
9.76	-85.9838
9.765	-85.9823
9.77	-85.9809
9.775	-85.9794
9.78	-85.9779
9.785	-85.9764
9.79	-85.9749
9.795	-85.9734
9.8	-85.9719
9.805	-85.9704
9.81	-85.9688
9.815	-85.9673
9.82	-85.9657
9.825	-85.9642
9.83	-85.9626
9.835	-85.961
9.84	-85.9594
9.845	-85.9578
9.85	-85.9562
9.855	-85.9546
9.86	-85.953
9.865	-85.9513
9.87	-85.9497
9.875	-85.948
9.88	-85.9464
9.885	-85.9447
9.89	-85.943
9.895	-85.9413
9.9	-85.9396
9.905	-85.9379
9.91	-85.9362
9.915	-85.9345
9.92	-85.9328
9.925	-85.931
9.93	-85.9293
9.935	-85.9275
9.94	-85.9258
9.945	-85.924
9.95	-85.9222
9.955	-85.9205
9.96	-85.9187
9.965	-85.9169
9.97	-85.9151
9.975	-85.9132
9.98	-85.9114
9.985	-85.9096
9.99	-85.9077
9.995	-85.9059
10	-85.904
10.005	-85.9022
10.01	-85.9003
10.015	-85.8984
10.02	-85.8965
10.025	-85.8946
10.03	-85.8927
10.035	-85.8908
10.04	-85.8889
10.045	-85.887
10.05	-85.8851
10.055	-85.8831
10.06	-85.8812
10.065	-85.8792
10.07	-85.8773
10.075	-85.8753
10.08	-85.8733
10.085	-85.8713
10.09	-85.8694
10.095	-85.8674
10.1	-85.8654
10.105	-85.8633
10.11	-85.8613
10.115	-85.8593
10.12	-85.8573
10.125	-85.8552
10.13	-85.8532
10.135	-85.8511
10.14	-85.8491
10.145	-85.847
10.15	-85.8449
10.155	-85.8429
10.16	-85.8408
10.165	-85.8387
10.17	-85.8366
10.175	-85.8345
10.18	-85.8324
10.185	-85.8302
10.19	-85.8281
10.195	-85.826
10.2	-85.8238
10.205	-85.8217
10.21	-85.8195
10.215	-85.8174
10.22	-85.8152
10.225	-85.813
10.23	-85.8109
10.235	-85.8087
10.24	-85.8065
10.245	-85.8043
10.25	-85.8021
10.255	-85.7999
10.26	-85.7977
10.265	-85.7954
10.27	-85.7932
10.275	-85.791
10.28	-85.7887
10.285	-85.7865
10.29	-85.7842
10.295	-85.782
10.3	-85.7797
10.305	-85.7774
10.31	-85.7751
10.315	-85.7729
10.32	-85.7706
10.325	-85.7683
10.33	-85.766
10.335	-85.7637
10.34	-85.7614
10.345	-85.759
10.35	-85.7567
10.355	-85.7544
10.36	-85.752
10.365	-85.7497
10.37	-85.7474
10.375	-85.745
10.38	-85.7426
10.385	-85.7403
10.39	-85.7379
10.395	-85.7355
10.4	-85.7332
10.405	-85.7308
10.41	-85.7284
10.415	-85.726
10.42	-85.7236
10.425	-85.7212
10.43	-85.7187
10.435	-85.7163
10.44	-85.7139
10.445	-85.7115
10.45	-85.709
10.455	-85.7066
10.46	-85.7042
10.465	-85.7017
10.47	-85.6992
10.475	-85.6968
10.48	-85.6943
10.485	-85.6918
10.49	-85.6894
10.495	-85.6869
10.5	-85.6844
10.505	-85.6819
10.51	-85.6794
10.515	-85.6769
10.52	-85.6744
10.525	-85.6719
10.53	-85.6694
10.535	-85.6668
10.54	-85.6643
10.545	-85.6618
10.55	-85.6592
10.555	-85.6567
10.56	-85.6541
10.565	-85.6516
10.57	-85.649
10.575	-85.6465
10.58	-85.6439
10.585	-85.6413
10.59	-85.6388
10.595	-85.6362
10.6	-85.6336
10.605	-85.631
10.61	-85.6284
10.615	-85.6258
10.62	-85.6232
10.625	-85.6206
10.63	-85.618
10.635	-85.6154
10.64	-85.6127
10.645	-85.6101
10.65	-85.6075
10.655	-85.6048
10.66	-85.6022
10.665	-85.5995
10.67	-85.5969
10.675	-85.5942
10.68	-85.5916
10.685	-85.5889
10.69	-85.5862
10.695	-85.5836
10.7	-85.5809
10.705	-85.5782
10.71	-85.5755
10.715	-85.5728
10.72	-85.5701
10.725	-85.5674
10.73	-85.5647
10.735	-85.562
10.74	-85.5593
10.745	-85.5566
10.75	-85.5539
10.755	-85.5512
10.76	-85.5484
10.765	-85.5457
10.77	-85.543
10.775	-85.5402
10.78	-85.5375
10.785	-85.5347
10.79	-85.532
10.795	-85.5292
10.8	-85.5265
10.805	-85.5237
10.81	-85.5209
10.815	-85.5182
10.82	-85.5154
10.825	-85.5126
10.83	-85.5098
10.835	-85.507
10.84	-85.5042
10.845	-85.5014
10.85	-85.4986
10.855	-85.4958
10.86	-85.493
10.865	-85.4902
10.87	-85.4874
10.875	-85.4846
10.88	-85.4818
10.885	-85.4789
10.89	-85.4761
10.895	-85.4733
10.9	-85.4704
10.905	-85.4676
10.91	-85.4647
10.915	-85.4619
10.92	-85.459
10.925	-85.4562
10.93	-85.4533
10.935	-85.4505
10.94	-85.4476
10.945	-85.4447
10.95	-85.4418
10.955	-85.439
10.96	-85.4361
10.965	-85.4332
10.97	-85.4303
10.975	-85.4274
10.98	-85.4245
10.985	-85.4216
10.99	-85.4187
10.995	-85.4158
11	-85.4129
11.005	-85.41
11.01	-85.4071
11.015	-85.4042
11.02	-85.4012
11.025	-85.3983
11.03	-85.3954
11.035	-85.3925
11.04	-85.3895
11.045	-85.3866
11.05	-85.3836
11.055	-85.3807
11.06	-85.3777
11.065	-85.3748
11.07	-85.3718
11.075	-85.3689
11.08	-85.3659
11.085	-85.363
11.09	-85.36
11.095	-85.357
11.1	-85.354
11.105	-85.3511
11.11	-85.3481
11.115	-85.3451
11.12	-85.3421
11.125	-85.3391
11.13	-85.3361
11.135	-85.3331
11.14	-85.3301
11.145	-85.3271
11.15	-85.3241
11.155	-85.3211
11.16	-85.3181
11.165	-85.3151
11.17	-85.3121
11.175	-85.3091
11.18	-85.306
11.185	-85.303
11.19	-85.3
11.195	-85.297
11.2	-85.2939
11.205	-85.2909
11.21	-85.2878
11.215	-85.2848
11.22	-85.2818
11.225	-85.2787
11.23	-85.2757
11.235	-85.2726
11.24	-85.2695
11.245	-85.2665
11.25	-85.2634
11.255	-85.2604
11.26	-85.2573
11.265	-85.2542
11.27	-85.2511
11.275	-85.2481
11.28	-85.245
11.285	-85.2419
11.29	-85.2388
11.295	-85.2357
11.3	-85.2326
11.305	-85.2296
11.31	-85.2265
11.315	-85.2234
11.32	-85.2203
11.325	-85.2172
11.33	-85.2141
11.335	-85.2109
11.34	-85.2078
11.345	-85.2047
11.35	-85.2016
11.355	-85.1985
11.36	-85.1954
11.365	-85.1922
11.37	-85.1891
11.375	-85.186
11.38	-85.1829
11.385	-85.1797
11.39	-85.1766
11.395	-85.1735
11.4	-85.1703
11.405	-85.1672
11.41	-85.164
11.415	-85.1609
11.42	-85.1577
11.425	-85.1546
11.43	-85.1514
11.435	-85.1483
11.44	-85.1451
11.445	-85.142
11.45	-85.1388
11.455	-85.1356
11.46	-85.1325
11.465	-85.1293
11.47	-85.1261
11.475	-85.1229
11.48	-85.1198
11.485	-85.1166
11.49	-85.1134
11.495	-85.1102
11.5	-85.107
11.505	-85.1038
11.51	-85.1006
11.515	-85.0975
11.52	-85.0943
11.525	-85.0911
11.53	-85.0879
11.535	-85.0847
11.54	-85.0815
11.545	-85.0782
11.55	-85.075
11.555	-85.0718
11.56	-85.0686
11.565	-85.0654
11.57	-85.0622
11.575	-85.059
11.58	-85.0557
11.585	-85.0525
11.59	-85.0493
11.595	-85.0461
11.6	-85.0428
11.605	-85.0396
11.61	-85.0364
11.615	-85.0331
11.62	-85.0299
11.625	-85.0267
11.63	-85.0234
11.635	-85.0202
11.64	-85.0169
11.645	-85.0137
11.65	-85.0104
11.655	-85.0072
11.66	-85.0039
11.665	-85.0007
11.67	-84.9974
11.675	-84.9942
11.68	-84.9909
11.685	-84.9877
11.69	-84.9844
11.695	-84.9811
11.7	-84.9779
11.705	-84.9746
11.71	-84.9713
11.715	-84.968
11.72	-84.9648
11.725	-84.9615
11.73	-84.9582
11.735	-84.9549
11.74	-84.9517
11.745	-84.9484
11.75	-84.9451
11.755	-84.9418
11.76	-84.9385
11.765	-84.9352
11.77	-84.9319
11.775	-84.9286
11.78	-84.9253
11.785	-84.922
11.79	-84.9187
11.795	-84.9154
11.8	-84.9121
11.805	-84.9088
11.81	-84.9055
11.815	-84.9022
11.82	-84.8989
11.825	-84.8956
11.83	-84.8923
11.835	-84.889
11.84	-84.8857
11.845	-84.8823
11.85	-84.879
11.855	-84.8757
11.86	-84.8724
11.865	-84.8691
11.87	-84.8657
11.875	-84.8624
11.88	-84.8591
11.885	-84.8557
11.89	-84.8524
11.895	-84.8491
11.9	-84.8457
11.905	-84.8424
11.91	-84.8391
11.915	-84.8357
11.92	-84.8324
11.925	-84.8291
11.93	-84.8257
11.935	-84.8224
11.94	-84.819
11.945	-84.8157
11.95	-84.8123
11.955	-84.809
11.96	-84.8056
11.965	-84.8023
11.97	-84.7989
11.975	-84.7956
11.98	-84.7922
11.985	-84.7888
11.99	-84.7855
11.995	-84.7821
12	-84.7788
12.005	-84.7754
12.01	-84.772
12.015	-84.7687
12.02	-84.7653
12.025	-84.7619
12.03	-84.7586
12.035	-84.7552
12.04	-84.7518
12.045	-84.7484
12.05	-84.7451
12.055	-84.7417
12.06	-84.7383
12.065	-84.7349
12.07	-84.7315
12.075	-84.7282
12.08	-84.7248
12.085	-84.7214
12.09	-84.718
12.095	-84.7146
12.1	-84.7112
12.105	-84.7078
12.11	-84.7044
12.115	-84.7011
12.12	-84.6977
12.125	-84.6943
12.13	-84.6909
12.135	-84.6875
12.14	-84.6841
12.145	-84.6807
12.15	-84.6773
12.155	-84.6739
12.16	-84.6705
12.165	-84.6671
12.17	-84.6637
12.175	-84.6603
12.18	-84.6568
12.185	-84.6534
12.19	-84.65
12.195	-84.6466
12.2	-84.6432
12.205	-84.6398
12.21	-84.6364
12.215	-84.633
12.22	-84.6295
12.225	-84.6261
12.23	-84.6227
12.235	-84.6193
12.24	-84.6159
12.245	-84.6125
12.25	-84.609
12.255	-84.6056
12.26	-84.6022
12.265	-84.5988
12.27	-84.5953
12.275	-84.5919
12.28	-84.5885
12.285	-84.585
12.29	-84.5816
12.295	-84.5782
12.3	-84.5748
12.305	-84.5713
12.31	-84.5679
12.315	-84.5645
12.32	-84.561
12.325	-84.5576
12.33	-84.5541
12.335	-84.5507
12.34	-84.5473
12.345	-84.5438
12.35	-84.5404
12.355	-84.5369
12.36	-84.5335
12.365	-84.53
12.37	-84.5266
12.375	-84.5232
12.38	-84.5197
12.385	-84.5163
12.39	-84.5128
12.395	-84.5094
12.4	-84.5059
12.405	-84.5025
12.41	-84.499
12.415	-84.4956
12.42	-84.4921
12.425	-84.4887
12.43	-84.4852
12.435	-84.4817
12.44	-84.4783
12.445	-84.4748
12.45	-84.4714
12.455	-84.4679
12.46	-84.4644
12.465	-84.461
12.47	-84.4575
12.475	-84.4541
12.48	-84.4506
12.485	-84.4471
12.49	-84.4437
12.495	-84.4402
12.5	-84.4367
12.505	-84.4333
12.51	-84.4298
12.515	-84.4263
12.52	-84.4229
12.525	-84.4194
12.53	-84.4159
12.535	-84.4125
12.54	-84.409
12.545	-84.4055
12.55	-84.402
12.555	-84.3986
12.56	-84.3951
12.565	-84.3916
12.57	-84.3881
12.575	-84.3847
12.58	-84.3812
12.585	-84.3777
12.59	-84.3742
12.595	-84.3708
12.6	-84.3673
12.605	-84.3638
12.61	-84.3603
12.615	-84.3568
12.62	-84.3533
12.625	-84.3499
12.63	-84.3464
12.635	-84.3429
12.64	-84.3394
12.645	-84.3359
12.65	-84.3324
12.655	-84.329
12.66	-84.3255
12.665	-84.322
12.67	-84.3185
12.675	-84.315
12.68	-84.3115
12.685	-84.308
12.69	-84.3045
12.695	-84.301
12.7	-84.2976
12.705	-84.2941
12.71	-84.2906
12.715	-84.2871
12.72	-84.2836
12.725	-84.2801
12.73	-84.2766
12.735	-84.2731
12.74	-84.2696
12.745	-84.2661
12.75	-84.2626
12.755	-84.2591
12.76	-84.2556
12.765	-84.2521
12.77	-84.2486
12.775	-84.2451
12.78	-84.2416
12.785	-84.2381
12.79	-84.2346
12.795	-84.2311
12.8	-84.2276
12.805	-84.2241
12.81	-84.2206
12.815	-84.2171
12.82	-84.2136
12.825	-84.2101
12.83	-84.2066
12.835	-84.2031
12.84	-84.1996
12.845	-84.1961
12.85	-84.1926
12.855	-84.1891
12.86	-84.1856
12.865	-84.1821
12.87	-84.1786
12.875	-84.1751
12.88	-84.1715
12.885	-84.168
12.89	-84.1645
12.895	-84.161
12.9	-84.1575
12.905	-84.154
12.91	-84.1505
12.915	-84.147
12.92	-84.1435
12.925	-84.14
12.93	-84.1365
12.935	-84.1329
12.94	-84.1294
12.945	-84.1259
12.95	-84.1224
12.955	-84.1189
12.96	-84.1154
12.965	-84.1119
12.97	-84.1084
12.975	-84.1048
12.98	-84.1013
12.985	-84.0978
12.99	-84.0943
12.995	-84.0908
13	-84.0873
13.005	-84.0838
13.01	-84.0802
13.015	-84.0767
13.02	-84.0732
13.025	-84.0697
13.03	-84.0662
13.035	-84.0627
13.04	-84.0591
13.045	-84.0556
13.05	-84.0521
13.055	-84.0486
13.06	-84.0451
13.065	-84.0415
13.07	-84.038
13.075	-84.0345
13.08	-84.031
13.085	-84.0275
13.09	-84.0239
13.095	-84.0204
13.1	-84.0169
13.105	-84.0134
13.11	-84.0099
13.115	-84.0063
13.12	-84.0028
13.125	-83.9993
13.13	-83.9958
13.135	-83.9923
13.14	-83.9887
13.145	-83.9852
13.15	-83.9817
13.155	-83.9782
13.16	-83.9747
13.165	-83.9711
13.17	-83.9676
13.175	-83.9641
13.18	-83.9606
13.185	-83.957
13.19	-83.9535
13.195	-83.95
13.2	-83.9465
13.205	-83.9429
13.21	-83.9394
13.215	-83.9359
13.22	-83.9324
13.225	-83.9289
13.23	-83.9253
13.235	-83.9218
13.24	-83.9183
13.245	-83.9148
13.25	-83.9112
13.255	-83.9077
13.26	-83.9042
13.265	-83.9007
13.27	-83.8971
13.275	-83.8936
13.28	-83.8901
13.285	-83.8866
13.29	-83.883
13.295	-83.8795
13.3	-83.876
13.305	-83.8725
13.31	-83.8689
13.315	-83.8654
13.32	-83.8619
13.325	-83.8584
13.33	-83.8548
13.335	-83.8513
13.34	-83.8478
13.345	-83.8443
13.35	-83.8407
13.355	-83.8372
13.36	-83.8337
13.365	-83.8302
13.37	-83.8266
13.375	-83.8231
13.38	-83.8196
13.385	-83.8161
13.39	-83.8125
13.395	-83.809
13.4	-83.8055
13.405	-83.8019
13.41	-83.7984
13.415	-83.7949
13.42	-83.7914
13.425	-83.7878
13.43	-83.7843
13.435	-83.7808
13.44	-83.7773
13.445	-83.7737
13.45	-83.7702
13.455	-83.7667
13.46	-83.7632
13.465	-83.7596
13.47	-83.7561
13.475	-83.7526
13.48	-83.7491
13.485	-83.7455
13.49	-83.742
13.495	-83.7385
13.5	-83.735
13.505	-83.7314
13.51	-83.7279
13.515	-83.7244
13.52	-83.7209
13.525	-83.7173
13.53	-83.7138
13.535	-83.7103
13.54	-83.7068
13.545	-83.7032
13.55	-83.6997
13.555	-83.6962
13.56	-83.6927
13.565	-83.6891
13.57	-83.6856
13.575	-83.6821
13.58	-83.6786
13.585	-83.6751
13.59	-83.6715
13.595	-83.668
13.6	-83.6645
13.605	-83.661
13.61	-83.6574
13.615	-83.6539
13.62	-83.6504
13.625	-83.6469
13.63	-83.6433
13.635	-83.6398
13.64	-83.6363
13.645	-83.6328
13.65	-83.6293
13.655	-83.6257
13.66	-83.6222
13.665	-83.6187
13.67	-83.6152
13.675	-83.6117
13.68	-83.6081
13.685	-83.6046
13.69	-83.6011
13.695	-83.5976
13.7	-83.5941
13.705	-83.5905
13.71	-83.587
13.715	-83.5835
13.72	-83.58
13.725	-83.5765
13.73	-83.5729
13.735	-83.5694
13.74	-83.5659
13.745	-83.5624
13.75	-83.5589
13.755	-83.5553
13.76	-83.5518
13.765	-83.5483
13.77	-83.5448
13.775	-83.5413
13.78	-83.5378
13.785	-83.5342
13.79	-83.5307
13.795	-83.5272
13.8	-83.5237
13.805	-83.5202
13.81	-83.5167
13.815	-83.5131
13.82	-83.5096
13.825	-83.5061
13.83	-83.5026
13.835	-83.4991
13.84	-83.4956
13.845	-83.4921
13.85	-83.4885
13.855	-83.485
13.86	-83.4815
13.865	-83.478
13.87	-83.4745
13.875	-83.471
13.88	-83.4675
13.885	-83.464
13.89	-83.4604
13.895	-83.4569
13.9	-83.4534
13.905	-83.4499
13.91	-83.4464
13.915	-83.4429
13.92	-83.4394
13.925	-83.4359
13.93	-83.4324
13.935	-83.4288
13.94	-83.4253
13.945	-83.4218
13.95	-83.4183
13.955	-83.4148
13.96	-83.4113
13.965	-83.4078
13.97	-83.4043
13.975	-83.4008
13.98	-83.3973
13.985	-83.3938
13.99	-83.3903
13.995	-83.3868
14	-83.3833
14.005	-83.3797
14.01	-83.3762
14.015	-83.3727
14.02	-83.3692
14.025	-83.3657
14.03	-83.3622
14.035	-83.3587
14.04	-83.3552
14.045	-83.3517
14.05	-83.3482
14.055	-83.3447
14.06	-83.3412
14.065	-83.3377
14.07	-83.3342
14.075	-83.3307
14.08	-83.3272
14.085	-83.3237
14.09	-83.3202
14.095	-83.3167
14.1	-83.3132
14.105	-83.3097
14.11	-83.3062
14.115	-83.3027
14.12	-83.2992
14.125	-83.2957
14.13	-83.2922
14.135	-83.2887
14.14	-83.2852
14.145	-83.2817
14.15	-83.2782
14.155	-83.2747
14.16	-83.2713
14.165	-83.2678
14.17	-83.2643
14.175	-83.2608
14.18	-83.2573
14.185	-83.2538
14.19	-83.2503
14.195	-83.2468
14.2	-83.2433
14.205	-83.2398
14.21	-83.2363
14.215	-83.2328
14.22	-83.2294
14.225	-83.2259
14.23	-83.2224
14.235	-83.2189
14.24	-83.2154
14.245	-83.2119
14.25	-83.2084
14.255	-83.2049
14.26	-83.2015
14.265	-83.198
14.27	-83.1945
14.275	-83.191
14.28	-83.1875
14.285	-83.184
14.29	-83.1805
14.295	-83.1771
14.3	-83.1736
14.305	-83.1701
14.31	-83.1666
14.315	-83.1631
14.32	-83.1596
14.325	-83.1562
14.33	-83.1527
14.335	-83.1492
14.34	-83.1457
14.345	-83.1422
14.35	-83.1388
14.355	-83.1353
14.36	-83.1318
14.365	-83.1283
14.37	-83.1249
14.375	-83.1214
14.38	-83.1179
14.385	-83.1144
14.39	-83.111
14.395	-83.1075
14.4	-83.104
14.405	-83.1005
14.41	-83.0971
14.415	-83.0936
14.42	-83.0901
14.425	-83.0866
14.43	-83.0832
14.435	-83.0797
14.44	-83.0762
14.445	-83.0728
14.45	-83.0693
14.455	-83.0658
14.46	-83.0624
14.465	-83.0589
14.47	-83.0554
14.475	-83.0519
14.48	-83.0485
14.485	-83.045
14.49	-83.0416
14.495	-83.0381
14.5	-83.0346
14.505	-83.0312
14.51	-83.0277
14.515	-83.0242
14.52	-83.0208
14.525	-83.0173
14.53	-83.0138
14.535	-83.0104
14.54	-83.0069
14.545	-83.0035
14.55	-83
14.555	-82.9965
14.56	-82.9931
14.565	-82.9896
14.57	-82.9862
14.575	-82.9827
14.58	-82.9793
14.585	-82.9758
14.59	-82.9723
14.595	-82.9689
14.6	-82.9654
14.605	-82.962
14.61	-82.9585
14.615	-82.9551
14.62	-82.9516
14.625	-82.9482
14.63	-82.9447
14.635	-82.9413
14.64	-82.9378
14.645	-82.9344
14.65	-82.9309
14.655	-82.9275
14.66	-82.924
14.665	-82.9206
14.67	-82.9171
14.675	-82.9137
14.68	-82.9102
14.685	-82.9068
14.69	-82.9033
14.695	-82.8999
14.7	-82.8965
14.705	-82.893
14.71	-82.8896
14.715	-82.8861
14.72	-82.8827
14.725	-82.8792
14.73	-82.8758
14.735	-82.8724
14.74	-82.8689
14.745	-82.8655
14.75	-82.8621
14.755	-82.8586
14.76	-82.8552
14.765	-82.8517
14.77	-82.8483
14.775	-82.8449
14.78	-82.8414
14.785	-82.838
14.79	-82.8346
14.795	-82.8311
14.8	-82.8277
14.805	-82.8243
14.81	-82.8208
14.815	-82.8174
14.82	-82.814
14.825	-82.8105
14.83	-82.8071
14.835	-82.8037
14.84	-82.8003
14.845	-82.7968
14.85	-82.7934
14.855	-82.79
14.86	-82.7866
14.865	-82.7831
14.87	-82.7797
14.875	-82.7763
14.88	-82.7729
14.885	-82.7694
14.89	-82.766
14.895	-82.7626
14.9	-82.7592
14.905	-82.7558
14.91	-82.7523
14.915	-82.7489
14.92	-82.7455
14.925	-82.7421
14.93	-82.7387
14.935	-82.7352
14.94	-82.7318
14.945	-82.7284
14.95	-82.725
14.955	-82.7216
14.96	-82.7182
14.965	-82.7148
14.97	-82.7113
14.975	-82.7079
14.98	-82.7045
14.985	-82.7011
14.99	-82.6977
14.995	-82.6943
15	-82.6909
15.005	-82.6875
15.01	-82.6841
15.015	-82.6807
15.02	-82.6773
15.025	-82.6739
15.03	-82.6704
15.035	-82.667
15.04	-82.6636
15.045	-82.6602
15.05	-82.6568
15.055	-82.6534
15.06	-82.65
15.065	-82.6466
15.07	-82.6432
15.075	-82.6398
15.08	-82.6364
15.085	-82.633
15.09	-82.6296
15.095	-82.6262
15.1	-82.6228
15.105	-82.6195
15.11	-82.6161
15.115	-82.6127
15.12	-82.6093
15.125	-82.6059
15.13	-82.6025
15.135	-82.5991
15.14	-82.5957
15.145	-82.5923
15.15	-82.5889
15.155	-82.5855
15.16	-82.5821
15.165	-82.5788
15.17	-82.5754
15.175	-82.572
15.18	-82.5686
15.185	-82.5652
15.19	-82.5618
15.195	-82.5584
15.2	-82.5551
15.205	-82.5517
15.21	-82.5483
15.215	-82.5449
15.22	-82.5415
15.225	-82.5382
15.23	-82.5348
15.235	-82.5314
15.24	-82.528
15.245	-82.5247
15.25	-82.5213
15.255	-82.5179
15.26	-82.5145
15.265	-82.5112
15.27	-82.5078
15.275	-82.5044
15.28	-82.501
15.285	-82.4977
15.29	-82.4943
15.295	-82.4909
15.3	-82.4875
15.305	-82.4842
15.31	-82.4808
15.315	-82.4774
15.32	-82.4741
15.325	-82.4707
15.33	-82.4673
15.335	-82.464
15.34	-82.4606
15.345	-82.4573
15.35	-82.4539
15.355	-82.4505
15.36	-82.4472
15.365	-82.4438
15.37	-82.4404
15.375	-82.4371
15.38	-82.4337
15.385	-82.4304
15.39	-82.427
15.395	-82.4237
15.4	-82.4203
15.405	-82.4169
15.41	-82.4136
15.415	-82.4102
15.42	-82.4069
15.425	-82.4035
15.43	-82.4002
15.435	-82.3968
15.44	-82.3935
15.445	-82.3901
15.45	-82.3868
15.455	-82.3834
15.46	-82.3801
15.465	-82.3767
15.47	-82.3734
15.475	-82.3701
15.48	-82.3667
15.485	-82.3634
15.49	-82.36
15.495	-82.3567
15.5	-82.3533
15.505	-82.35
15.51	-82.3467
15.515	-82.3433
15.52	-82.34
15.525	-82.3366
15.53	-82.3333
15.535	-82.33
15.54	-82.3266
15.545	-82.3233
15.55	-82.32
15.555	-82.3166
15.56	-82.3133
15.565	-82.31
15.57	-82.3066
15.575	-82.3033
15.58	-82.3
15.585	-82.2966
15.59	-82.2933
15.595	-82.29
15.6	-82.2867
15.605	-82.2833
15.61	-82.28
15.615	-82.2767
15.62	-82.2734
15.625	-82.27
15.63	-82.2667
15.635	-82.2634
15.64	-82.2601
15.645	-82.2567
15.65	-82.2534
15.655	-82.2501
15.66	-82.2468
15.665	-82.2435
15.67	-82.2402
15.675	-82.2368
15.68	-82.2335
15.685	-82.2302
15.69	-82.2269
15.695	-82.2236
15.7	-82.2203
15.705	-82.217
15.71	-82.2136
15.715	-82.2103
15.72	-82.207
15.725	-82.2037
15.73	-82.2004
15.735	-82.1971
15.74	-82.1938
15.745	-82.1905
15.75	-82.1872
15.755	-82.1839
15.76	-82.1806
15.765	-82.1773
15.77	-82.174
15.775	-82.1707
15.78	-82.1674
15.785	-82.1641
15.79	-82.1608
15.795	-82.1575
15.8	-82.1542
15.805	-82.1509
15.81	-82.1476
15.815	-82.1443
15.82	-82.141
15.825	-82.1377
15.83	-82.1344
15.835	-82.1311
15.84	-82.1278
15.845	-82.1245
15.85	-82.1212
15.855	-82.1179
15.86	-82.1147
15.865	-82.1114
15.87	-82.1081
15.875	-82.1048
15.88	-82.1015
15.885	-82.0982
15.89	-82.0949
15.895	-82.0917
15.9	-82.0884
15.905	-82.0851
15.91	-82.0818
15.915	-82.0785
15.92	-82.0752
15.925	-82.072
15.93	-82.0687
15.935	-82.0654
15.94	-82.0621
15.945	-82.0589
15.95	-82.0556
15.955	-82.0523
15.96	-82.049
15.965	-82.0458
15.97	-82.0425
15.975	-82.0392
15.98	-82.036
15.985	-82.0327
15.99	-82.0294
15.995	-82.0261
16	-82.0229
16.005	-82.0196
16.01	-82.0163
16.015	-82.0131
16.02	-82.0098
16.025	-82.0066
16.03	-82.0033
16.035	-82
16.04	-81.9968
16.045	-81.9935
16.05	-81.9902
16.055	-81.987
16.06	-81.9837
16.065	-81.9805
16.07	-81.9772
16.075	-81.974
16.08	-81.9707
16.085	-81.9675
16.09	-81.9642
16.095	-81.9609
16.1	-81.9577
16.105	-81.9544
16.11	-81.9512
16.115	-81.9479
16.12	-81.9447
16.125	-81.9414
16.13	-81.9382
16.135	-81.935
16.14	-81.9317
16.145	-81.9285
16.15	-81.9252
16.155	-81.922
16.16	-81.9187
16.165	-81.9155
16.17	-81.9123
16.175	-81.909
16.18	-81.9058
16.185	-81.9025
16.19	-81.8993
16.195	-81.8961
16.2	-81.8928
16.205	-81.8896
16.21	-81.8864
16.215	-81.8831
16.22	-81.8799
16.225	-81.8767
16.23	-81.8734
16.235	-81.8702
16.24	-81.867
16.245	-81.8637
16.25	-81.8605
16.255	-81.8573
16.26	-81.8541
16.265	-81.8508
16.27	-81.8476
16.275	-81.8444
16.28	-81.8412
16.285	-81.8379
16.29	-81.8347
16.295	-81.8315
16.3	-81.8283
16.305	-81.825
16.31	-81.8218
16.315	-81.8186
16.32	-81.8154
16.325	-81.8122
16.33	-81.809
16.335	-81.8057
16.34	-81.8025
16.345	-81.7993
16.35	-81.7961
16.355	-81.7929
16.36	-81.7897
16.365	-81.7865
16.37	-81.7833
16.375	-81.7801
16.38	-81.7769
16.385	-81.7736
16.39	-81.7704
16.395	-81.7672
16.4	-81.764
16.405	-81.7608
16.41	-81.7576
16.415	-81.7544
16.42	-81.7512
16.425	-81.748
16.43	-81.7448
16.435	-81.7416
16.44	-81.7384
16.445	-81.7352
16.45	-81.732
16.455	-81.7288
16.46	-81.7256
16.465	-81.7224
16.47	-81.7193
16.475	-81.7161
16.48	-81.7129
16.485	-81.7097
16.49	-81.7065
16.495	-81.7033
16.5	-81.7001
16.505	-81.6969
16.51	-81.6937
16.515	-81.6906
16.52	-81.6874
16.525	-81.6842
16.53	-81.681
16.535	-81.6778
16.54	-81.6746
16.545	-81.6715
16.55	-81.6683
16.555	-81.6651
16.56	-81.6619
16.565	-81.6587
16.57	-81.6556
16.575	-81.6524
16.58	-81.6492
16.585	-81.646
16.59	-81.6429
16.595	-81.6397
16.6	-81.6365
16.605	-81.6334
16.61	-81.6302
16.615	-81.627
16.62	-81.6238
16.625	-81.6207
16.63	-81.6175
16.635	-81.6143
16.64	-81.6112
16.645	-81.608
16.65	-81.6049
16.655	-81.6017
16.66	-81.5985
16.665	-81.5954
16.67	-81.5922
16.675	-81.589
16.68	-81.5859
16.685	-81.5827
16.69	-81.5796
16.695	-81.5764
16.7	-81.5733
16.705	-81.5701
16.71	-81.5669
16.715	-81.5638
16.72	-81.5606
16.725	-81.5575
16.73	-81.5543
16.735	-81.5512
16.74	-81.548
16.745	-81.5449
16.75	-81.5417
16.755	-81.5386
16.76	-81.5355
16.765	-81.5323
16.77	-81.5292
16.775	-81.526
16.78	-81.5229
16.785	-81.5197
16.79	-81.5166
16.795	-81.5135
16.8	-81.5103
16.805	-81.5072
16.81	-81.504
16.815	-81.5009
16.82	-81.4978
16.825	-81.4946
16.83	-81.4915
16.835	-81.4884
16.84	-81.4852
16.845	-81.4821
16.85	-81.479
16.855	-81.4758
16.86	-81.4727
16.865	-81.4696
16.87	-81.4665
16.875	-81.4633
16.88	-81.4602
16.885	-81.4571
16.89	-81.454
16.895	-81.4508
16.9	-81.4477
16.905	-81.4446
16.91	-81.4415
16.915	-81.4384
16.92	-81.4352
16.925	-81.4321
16.93	-81.429
16.935	-81.4259
16.94	-81.4228
16.945	-81.4196
16.95	-81.4165
16.955	-81.4134
16.96	-81.4103
16.965	-81.4072
16.97	-81.4041
16.975	-81.401
16.98	-81.3979
16.985	-81.3948
16.99	-81.3917
16.995	-81.3885
17	-81.3854
17.005	-81.3823
17.01	-81.3792
17.015	-81.3761
17.02	-81.373
17.025	-81.3699
17.03	-81.3668
17.035	-81.3637
17.04	-81.3606
17.045	-81.3575
17.05	-81.3544
17.055	-81.3513
17.06	-81.3482
17.065	-81.3451
17.07	-81.342
17.075	-81.3389
17.08	-81.3359
17.085	-81.3328
17.09	-81.3297
17.095	-81.3266
17.1	-81.3235
17.105	-81.3204
17.11	-81.3173
17.115	-81.3142
17.12	-81.3111
17.125	-81.3081
17.13	-81.305
17.135	-81.3019
17.14	-81.2988
17.145	-81.2957
17.15	-81.2926
17.155	-81.2896
17.16	-81.2865
17.165	-81.2834
17.17	-81.2803
17.175	-81.2773
17.18	-81.2742
17.185	-81.2711
17.19	-81.268
17.195	-81.265
17.2	-81.2619
17.205	-81.2588
17.21	-81.2557
17.215	-81.2527
17.22	-81.2496
17.225	-81.2465
17.23	-81.2435
17.235	-81.2404
17.24	-81.2373
17.245	-81.2343
17.25	-81.2312
17.255	-81.2281
17.26	-81.2251
17.265	-81.222
17.27	-81.219
17.275	-81.2159
17.28	-81.2128
17.285	-81.2098
17.29	-81.2067
17.295	-81.2037
17.3	-81.2006
17.305	-81.1976
17.31	-81.1945
17.315	-81.1914
17.32	-81.1884
17.325	-81.1853
17.33	-81.1823
17.335	-81.1792
17.34	-81.1762
17.345	-81.1731
17.35	-81.1701
17.355	-81.1671
17.36	-81.164
17.365	-81.161
17.37	-81.1579
17.375	-81.1549
17.38	-81.1518
17.385	-81.1488
17.39	-81.1458
17.395	-81.1427
17.4	-81.1397
17.405	-81.1366
17.41	-81.1336
17.415	-81.1306
17.42	-81.1275
17.425	-81.1245
17.43	-81.1215
17.435	-81.1184
17.44	-81.1154
17.445	-81.1124
17.45	-81.1093
17.455	-81.1063
17.46	-81.1033
17.465	-81.1002
17.47	-81.0972
17.475	-81.0942
17.48	-81.0912
17.485	-81.0881
17.49	-81.0851
17.495	-81.0821
17.5	-81.0791
17.505	-81.076
17.51	-81.073
17.515	-81.07
17.52	-81.067
17.525	-81.064
17.53	-81.061
17.535	-81.0579
17.54	-81.0549
17.545	-81.0519
17.55	-81.0489
17.555	-81.0459
17.56	-81.0429
17.565	-81.0399
17.57	-81.0368
17.575	-81.0338
17.58	-81.0308
17.585	-81.0278
17.59	-81.0248
17.595	-81.0218
17.6	-81.0188
17.605	-81.0158
17.61	-81.0128
17.615	-81.0098
17.62	-81.0068
17.625	-81.0038
17.63	-81.0008
17.635	-80.9978
17.64	-80.9948
17.645	-80.9918
17.65	-80.9888
17.655	-80.9858
17.66	-80.9828
17.665	-80.9798
17.67	-80.9768
17.675	-80.9738
17.68	-80.9708
17.685	-80.9678
17.69	-80.9649
17.695	-80.9619
17.7	-80.9589
17.705	-80.9559
17.71	-80.9529
17.715	-80.9499
17.72	-80.9469
17.725	-80.9439
17.73	-80.941
17.735	-80.938
17.74	-80.935
17.745	-80.932
17.75	-80.929
17.755	-80.9261
17.76	-80.9231
17.765	-80.9201
17.77	-80.9171
17.775	-80.9142
17.78	-80.9112
17.785	-80.9082
17.79	-80.9052
17.795	-80.9023
17.8	-80.8993
17.805	-80.8963
17.81	-80.8933
17.815	-80.8904
17.82	-80.8874
17.825	-80.8844
17.83	-80.8815
17.835	-80.8785
17.84	-80.8755
17.845	-80.8726
17.85	-80.8696
17.855	-80.8667
17.86	-80.8637
17.865	-80.8607
17.87	-80.8578
17.875	-80.8548
17.88	-80.8519
17.885	-80.8489
17.89	-80.8459
17.895	-80.843
17.9	-80.84
17.905	-80.8371
17.91	-80.8341
17.915	-80.8312
17.92	-80.8282
17.925	-80.8253
17.93	-80.8223
17.935	-80.8194
17.94	-80.8164
17.945	-80.8135
17.95	-80.8105
17.955	-80.8076
17.96	-80.8046
17.965	-80.8017
17.97	-80.7988
17.975	-80.7958
17.98	-80.7929
17.985	-80.7899
17.99	-80.787
17.995	-80.7841
18	-80.7811
18.005	-80.7782
18.01	-80.7752
18.015	-80.7723
18.02	-80.7694
18.025	-80.7664
18.03	-80.7635
18.035	-80.7606
18.04	-80.7576
18.045	-80.7547
18.05	-80.7518
18.055	-80.7489
18.06	-80.7459
18.065	-80.743
18.07	-80.7401
18.075	-80.7372
18.08	-80.7342
18.085	-80.7313
18.09	-80.7284
18.095	-80.7255
18.1	-80.7225
18.105	-80.7196
18.11	-80.7167
18.115	-80.7138
18.12	-80.7109
18.125	-80.7079
18.13	-80.705
18.135	-80.7021
18.14	-80.6992
18.145	-80.6963
18.15	-80.6934
18.155	-80.6905
18.16	-80.6876
18.165	-80.6846
18.17	-80.6817
18.175	-80.6788
18.18	-80.6759
18.185	-80.673
18.19	-80.6701
18.195	-80.6672
18.2	-80.6643
18.205	-80.6614
18.21	-80.6585
18.215	-80.6556
18.22	-80.6527
18.225	-80.6498
18.23	-80.6469
18.235	-80.644
18.24	-80.6411
18.245	-80.6382
18.25	-80.6353
18.255	-80.6324
18.26	-80.6295
18.265	-80.6266
18.27	-80.6237
18.275	-80.6208
18.28	-80.618
18.285	-80.6151
18.29	-80.6122
18.295	-80.6093
18.3	-80.6064
18.305	-80.6035
18.31	-80.6006
18.315	-80.5977
18.32	-80.5949
18.325	-80.592
18.33	-80.5891
18.335	-80.5862
18.34	-80.5833
18.345	-80.5805
18.35	-80.5776
18.355	-80.5747
18.36	-80.5718
18.365	-80.5689
18.37	-80.5661
18.375	-80.5632
18.38	-80.5603
18.385	-80.5574
18.39	-80.5546
18.395	-80.5517
18.4	-80.5488
18.405	-80.546
18.41	-80.5431
18.415	-80.5402
18.42	-80.5374
18.425	-80.5345
18.43	-80.5316
18.435	-80.5288
18.44	-80.5259
18.445	-80.523
18.45	-80.5202
18.455	-80.5173
18.46	-80.5145
18.465	-80.5116
18.47	-80.5087
18.475	-80.5059
18.48	-80.503
18.485	-80.5002
18.49	-80.4973
18.495	-80.4945
18.5	-80.4916
18.505	-80.4887
18.51	-80.4859
18.515	-80.483
18.52	-80.4802
18.525	-80.4773
18.53	-80.4745
18.535	-80.4716
18.54	-80.4688
18.545	-80.466
18.55	-80.4631
18.555	-80.4603
18.56	-80.4574
18.565	-80.4546
18.57	-80.4517
18.575	-80.4489
18.58	-80.4461
18.585	-80.4432
18.59	-80.4404
18.595	-80.4375
18.6	-80.4347
18.605	-80.4319
18.61	-80.429
18.615	-80.4262
18.62	-80.4234
18.625	-80.4205
18.63	-80.4177
18.635	-80.4149
18.64	-80.412
18.645	-80.4092
18.65	-80.4064
18.655	-80.4036
18.66	-80.4007
18.665	-80.3979
18.67	-80.3951
18.675	-80.3923
18.68	-80.3894
18.685	-80.3866
18.69	-80.3838
18.695	-80.381
18.7	-80.3781
18.705	-80.3753
18.71	-80.3725
18.715	-80.3697
18.72	-80.3669
18.725	-80.3641
18.73	-80.3612
18.735	-80.3584
18.74	-80.3556
18.745	-80.3528
18.75	-80.35
18.755	-80.3472
18.76	-80.3444
18.765	-80.3416
18.77	-80.3388
18.775	-80.3359
18.78	-80.3331
18.785	-80.3303
18.79	-80.3275
18.795	-80.3247
18.8	-80.3219
18.805	-80.3191
18.81	-80.3163
18.815	-80.3135
18.82	-80.3107
18.825	-80.3079
18.83	-80.3051
18.835	-80.3023
18.84	-80.2995
18.845	-80.2967
18.85	-80.2939
18.855	-80.2911
18.86	-80.2883
18.865	-80.2856
18.87	-80.2828
18.875	-80.28
18.88	-80.2772
18.885	-80.2744
18.89	-80.2716
18.895	-80.2688
18.9	-80.266
18.905	-80.2632
18.91	-80.2605
18.915	-80.2577
18.92	-80.2549
18.925	-80.2521
18.93	-80.2493
18.935	-80.2465
18.94	-80.2438
18.945	-80.241
18.95	-80.2382
18.955	-80.2354
18.96	-80.2327
18.965	-80.2299
18.97	-80.2271
18.975	-80.2243
18.98	-80.2216
18.985	-80.2188
18.99	-80.216
18.995	-80.2132
19	-80.2105
19.005	-80.2077
19.01	-80.2049
19.015	-80.2022
19.02	-80.1994
19.025	-80.1966
19.03	-80.1939
19.035	-80.1911
19.04	-80.1883
19.045	-80.1856
19.05	-80.1828
19.055	-80.1801
19.06	-80.1773
19.065	-80.1745
19.07	-80.1718
19.075	-80.169
19.08	-80.1663
19.085	-80.1635
19.09	-80.1608
19.095	-80.158
19.1	-80.1552
19.105	-80.1525
19.11	-80.1497
19.115	-80.147
19.12	-80.1442
19.125	-80.1415
19.13	-80.1387
19.135	-80.136
19.14	-80.1332
19.145	-80.1305
19.15	-80.1278
19.155	-80.125
19.16	-80.1223
19.165	-80.1195
19.17	-80.1168
19.175	-80.114
19.18	-80.1113
19.185	-80.1086
19.19	-80.1058
19.195	-80.1031
19.2	-80.1003
19.205	-80.0976
19.21	-80.0949
19.215	-80.0921
19.22	-80.0894
19.225	-80.0867
19.23	-80.0839
19.235	-80.0812
19.24	-80.0785
19.245	-80.0758
19.25	-80.073
19.255	-80.0703
19.26	-80.0676
19.265	-80.0648
19.27	-80.0621
19.275	-80.0594
19.28	-80.0567
19.285	-80.0539
19.29	-80.0512
19.295	-80.0485
19.3	-80.0458
19.305	-80.0431
19.31	-80.0403
19.315	-80.0376
19.32	-80.0349
19.325	-80.0322
19.33	-80.0295
19.335	-80.0268
19.34	-80.024
19.345	-80.0213
19.35	-80.0186
19.355	-80.0159
19.36	-80.0132
19.365	-80.0105
19.37	-80.0078
19.375	-80.0051
19.38	-80.0024
19.385	-79.9997
19.39	-79.997
19.395	-79.9942
19.4	-79.9915
19.405	-79.9888
19.41	-79.9861
19.415	-79.9834
19.42	-79.9807
19.425	-79.978
19.43	-79.9753
19.435	-79.9726
19.44	-79.9699
19.445	-79.9672
19.45	-79.9645
19.455	-79.9619
19.46	-79.9592
19.465	-79.9565
19.47	-79.9538
19.475	-79.9511
19.48	-79.9484
19.485	-79.9457
19.49	-79.943
19.495	-79.9403
19.5	-79.9376
19.505	-79.9349
19.51	-79.9323
19.515	-79.9296
19.52	-79.9269
19.525	-79.9242
19.53	-79.9215
19.535	-79.9188
19.54	-79.9162
19.545	-79.9135
19.55	-79.9108
19.555	-79.9081
19.56	-79.9054
19.565	-79.9028
19.57	-79.9001
19.575	-79.8974
19.58	-79.8947
19.585	-79.8921
19.59	-79.8894
19.595	-79.8867
19.6	-79.8841
19.605	-79.8814
19.61	-79.8787
19.615	-79.876
19.62	-79.8734
19.625	-79.8707
19.63	-79.868
19.635	-79.8654
19.64	-79.8627
19.645	-79.86
19.65	-79.8574
19.655	-79.8547
19.66	-79.8521
19.665	-79.8494
19.67	-79.8467
19.675	-79.8441
19.68	-79.8414
19.685	-79.8388
19.69	-79.8361
19.695	-79.8335
19.7	-79.8308
19.705	-79.8281
19.71	-79.8255
19.715	-79.8228
19.72	-79.8202
19.725	-79.8175
19.73	-79.8149
19.735	-79.8122
19.74	-79.8096
19.745	-79.8069
19.75	-79.8043
19.755	-79.8016
19.76	-79.799
19.765	-79.7964
19.77	-79.7937
19.775	-79.7911
19.78	-79.7884
19.785	-79.7858
19.79	-79.7831
19.795	-79.7805
19.8	-79.7779
19.805	-79.7752
19.81	-79.7726
19.815	-79.77
19.82	-79.7673
19.825	-79.7647
19.83	-79.762
19.835	-79.7594
19.84	-79.7568
19.845	-79.7542
19.85	-79.7515
19.855	-79.7489
19.86	-79.7463
19.865	-79.7436
19.87	-79.741
19.875	-79.7384
19.88	-79.7358
19.885	-79.7331
19.89	-79.7305
19.895	-79.7279
19.9	-79.7253
19.905	-79.7226
19.91	-79.72
19.915	-79.7174
19.92	-79.7148
19.925	-79.7122
19.93	-79.7095
19.935	-79.7069
19.94	-79.7043
19.945	-79.7017
19.95	-79.6991
19.955	-79.6965
19.96	-79.6938
19.965	-79.6912
19.97	-79.6886
19.975	-79.686
19.98	-79.6834
19.985	-79.6808
19.99	-79.6782
19.995	-79.6756
20	-79.673
