0	-70
0.005	-70.0004
0.01	-70.0009
0.015	-70.0013
0.02	-70.0018
0.025	-70.0023
0.03	-70.0028
0.035	-70.0033
0.04	-70.0038
0.045	-70.0042
0.05	-70.0047
0.055	-70.0052
0.06	-70.0057
0.065	-70.0061
0.07	-70.0066
0.075	-70.0071
0.08	-70.0075
0.085	-70.008
0.09	-70.0085
0.095	-70.0089
0.1	-70.0094
0.105	-70.0098
0.11	-70.0103
0.115	-70.0107
0.12	-70.0112
0.125	-70.0117
0.13	-70.0121
0.135	-70.0126
0.14	-70.013
0.145	-70.0135
0.15	-70.0139
0.155	-70.0144
0.16	-70.0148
0.165	-70.0152
0.17	-70.0157
0.175	-70.0161
0.18	-70.0166
0.185	-70.017
0.19	-70.0175
0.195	-70.0179
0.2	-70.0183
0.205	-70.0188
0.21	-70.0192
0.215	-70.0197
0.22	-70.0201
0.225	-70.0205
0.23	-70.021
0.235	-70.0214
0.24	-70.0218
0.245	-70.0223
0.25	-70.0227
0.255	-70.0231
0.26	-70.0236
0.265	-70.024
0.27	-70.0244
0.275	-70.0249
0.28	-70.0253
0.285	-70.0257
0.29	-70.0262
0.295	-70.0266
0.3	-70.027
0.305	-70.0274
0.31	-70.0279
0.315	-70.0283
0.32	-70.0287
0.325	-70.0292
0.33	-70.0296
0.335	-70.03
0.34	-70.0304
0.345	-70.0309
0.35	-70.0313
0.355	-70.0317
0.36	-70.0321
0.365	-70.0326
0.37	-70.033
0.375	-70.0334
0.38	-70.0338
0.385	-70.0342
0.39	-70.0347
0.395	-70.0351
0.4	-70.0355
0.405	-70.0359
0.41	-70.0364
0.415	-70.0368
0.42	-70.0372
0.425	-70.0376
0.43	-70.038
0.435	-70.0385
0.44	-70.0389
0.445	-70.0393
0.45	-70.0397
0.455	-70.0401
0.46	-70.0406
0.465	-70.041
0.47	-70.0414
0.475	-70.0418
0.48	-70.0422
0.485	-70.0426
0.49	-70.0431
0.495	-70.0435
0.5	-70.0439
0.505	-70.0443
0.51	-70.0447
0.515	-70.0451
0.52	-70.0455
0.525	-70.046
0.53	-70.0464
0.535	-70.0468
0.54	-70.0472
0.545	-70.0476
0.55	-70.048
0.555	-70.0484
0.56	-70.0489
0.565	-70.0493
0.57	-70.0497
0.575	-70.0501
0.58	-70.0505
0.585	-70.0509
0.59	-70.0513
0.595	-70.0517
0.6	-70.0522
0.605	-70.0526
0.61	-70.053
0.615	-70.0534
0.62	-70.0538
0.625	-70.0542
0.63	-70.0546
0.635	-70.055
0.64	-70.0554
0.645	-70.0558
0.65	-70.0563
0.655	-70.0567
0.66	-70.0571
0.665	-70.0575
0.67	-70.0579
0.675	-70.0583
0.68	-70.0587
0.685	-70.0591
0.69	-70.0595
0.695	-70.0599
0.7	-70.0603
0.705	-70.0607
0.71	-70.0612
0.715	-70.0616
0.72	-70.062
0.725	-70.0624
0.73	-70.0628
0.735	-70.0632
0.74	-70.0636
0.745	-70.064
0.75	-70.0644
0.755	-70.0648
0.76	-70.0652
0.765	-70.0656
0.77	-70.066
0.775	-70.0664
0.78	-70.0668
0.785	-70.0672
0.79	-70.0676
0.795	-70.068
0.8	-70.0684
0.805	-70.0688
0.81	-70.0692
0.815	-70.0696
0.82	-70.0701
0.825	-70.0705
0.83	-70.0709
0.835	-70.0713
0.84	-70.0717
0.845	-70.0721
0.85	-70.0725
0.855	-70.0729
0.86	-70.0733
0.865	-70.0737
0.87	-70.0741
0.875	-70.0745
0.88	-70.0749
0.885	-70.0753
0.89	-70.0757
0.895	-70.0761
0.9	-70.0765
0.905	-70.0769
0.91	-70.0773
0.915	-70.0777
0.92	-70.0781
0.925	-70.0785
0.93	-70.0789
0.935	-70.0793
0.94	-70.0797
0.945	-70.0801
0.95	-70.0805
0.955	-70.0809
0.96	-70.0812
0.965	-70.0816
0.97	-70.082
0.975	-70.0824
0.98	-70.0828
0.985	-70.0832
0.99	-70.0836
0.995	-70.084
1	-70.0844
1.005	-70.0848
1.01	-70.0852
1.015	-70.0856
1.02	-70.086
1.025	-70.0864
1.03	-70.0868
1.035	-70.0872
1.04	-70.0876
1.045	-70.088
1.05	-70.0884
1.055	-70.0888
1.06	-70.0892
1.065	-70.0896
1.07	-70.09
1.075	-70.0903
1.08	-70.0907
1.085	-70.0911
1.09	-70.0915
1.095	-70.0919
1.1	-70.0923
1.105	-70.0927
1.11	-70.0931
1.115	-70.0935
1.12	-70.0939
1.125	-70.0943
1.13	-70.0947
1.135	-70.0951
1.14	-70.0954
1.145	-70.0958
1.15	-70.0962
1.155	-70.0966
1.16	-70.097
1.165	-70.0974
1.17	-70.0978
1.175	-70.0982
1.18	-70.0986
1.185	-70.099
1.19	-70.0994
1.195	-70.0997
1.2	-70.1001
1.205	-70.1005
1.21	-70.1009
1.215	-70.1013
1.22	-70.1017
1.225	-70.1021
1.23	-70.1025
1.235	-70.1029
1.24	-70.1032
1.245	-70.1036
1.25	-70.104
1.255	-70.1044
1.26	-70.1048
1.265	-70.1052
1.27	-70.1056
1.275	-70.106
1.28	-70.1063
1.285	-70.1067
1.29	-70.1071
1.295	-70.1075
1.3	-70.1079
1.305	-70.1083
1.31	-70.1087
1.315	-70.109
1.32	-70.1094
1.325	-70.1098
1.33	-70.1102
1.335	-70.1106
1.34	-70.111
1.345	-70.1114
1.35	-70.1117
1.355	-70.1121
1.36	-70.1125
1.365	-70.1129
1.37	-70.1133
1.375	-70.1137
1.38	-70.1141
1.385	-70.1144
1.39	-70.1148
1.395	-70.1152
1.4	-70.1156
1.405	-70.116
1.41	-70.1164
1.415	-70.1167
1.42	-70.1171
1.425	-70.1175
1.43	-70.1179
1.435	-70.1183
1.44	-70.1186
1.445	-70.119
1.45	-70.1194
1.455	-70.1198
1.46	-70.1202
1.465	-70.1206
1.47	-70.1209
1.475	-70.1213
1.48	-70.1217
1.485	-70.1221
1.49	-70.1225
1.495	-70.1228
1.5	-70.1232
1.505	-70.1236
1.51	-70.124
1.515	-70.1244
1.52	-70.1247
1.525	-70.1251
1.53	-70.1255
1.535	-70.1259
1.54	-70.1263
1.545	-70.1266
1.55	-70.127
1.555	-70.1274
1.56	-70.1278
1.565	-70.1281
1.57	-70.1285
1.575	-70.1289
1.58	-70.1293
1.585	-70.1297
1.59	-70.13
1.595	-70.1304
1.6	-70.1308
1.605	-70.1312
1.61	-70.1315
1.615	-70.1319
1.62	-70.1323
1.625	-70.1327
1.63	-70.133
1.635	-70.1334
1.64	-70.1338
1.645	-70.1342
1.65	-70.1345
1.655	-70.1349
1.66	-70.1353
1.665	-70.1357
1.67	-70.136
1.675	-70.1364
1.68	-70.1368
1.685	-70.1372
1.69	-70.1375
1.695	-70.1379
1.7	-70.1383
1.705	-70.1387
1.71	-70.139
1.715	-70.1394
1.72	-70.1398
1.725	-70.1402
1.73	-70.1405
1.735	-70.1409
1.74	-70.1413
1.745	-70.1417
1.75	-70.142
1.755	-70.1424
1.76	-70.1428
1.765	-70.1431
1.77	-70.1435
1.775	-70.1439
1.78	-70.1443
1.785	-70.1446
1.79	-70.145
1.795	-70.1454
1.8	-70.1457
1.805	-70.1461
1.81	-70.1465
1.815	-70.1469
1.82	-70.1472
1.825	-70.1476
1.83	-70.148
1.835	-70.1483
1.84	-70.1487
1.845	-70.1491
1.85	-70.1494
1.855	-70.1498
1.86	-70.1502
1.865	-70.1505
1.87	-70.1509
1.875	-70.1513
1.88	-70.1517
1.885	-70.152
1.89	-70.1524
1.895	-70.1528
1.9	-70.1531
1.905	-70.1535
1.91	-70.1539
1.915	-70.1542
1.92	-70.1546
1.925	-70.155
1.93	-70.1553
1.935	-70.1557
1.94	-70.1561
1.945	-70.1564
1.95	-70.1568
1.955	-70.1572
1.96	-70.1575
1.965	-70.1579
1.97	-70.1583
1.975	-70.1586
1.98	-70.159
1.985	-70.1594
1.99	-70.1597
1.995	-70.1601
2	-70.1605
2.005	-70.1608
2.01	-70.1612
2.015	-70.1616
2.02	-70.1619
2.025	-70.1623
2.03	-70.1626
2.035	-70.163
2.04	-70.1634
2.045	-70.1637
2.05	-70.1641
2.055	-70.1645
2.06	-70.1648
2.065	-70.1652
2.07	-70.1656
2.075	-70.1659
2.08	-70.1663
2.085	-70.1666
2.09	-70.167
2.095	-70.1674
2.1	-70.1677
2.105	-70.1681
2.11	-70.1684
2.115	-70.1688
2.12	-70.1692
2.125	-70.1695
2.13	-70.1699
2.135	-70.1703
2.14	-70.1706
2.145	-70.171
2.15	-70.1713
2.155	-70.1717
2.16	-70.1721
2.165	-70.1724
2.17	-70.1728
2.175	-70.1731
2.18	-70.1735
2.185	-70.1739
2.19	-70.1742
2.195	-70.1746
2.2	-70.1749
2.205	-70.1753
2.21	-70.1757
2.215	-70.176
2.22	-70.1764
2.225	-70.1767
2.23	-70.1771
2.235	-70.1774
2.24	-70.1778
2.245	-70.1782
2.25	-70.1785
2.255	-70.1789
2.26	-70.1792
2.265	-70.1796
2.27	-70.18
2.275	-70.1803
2.28	-70.1807
2.285	-70.181
2.29	-70.1814
2.295	-70.1817
2.3	-70.1821
2.305	-70.1824
2.31	-70.1828
2.315	-70.1832
2.32	-70.1835
2.325	-70.1839
2.33	-70.1842
2.335	-70.1846
2.34	-70.1849
2.345	-70.1853
2.35	-70.1856
2.355	-70.186
2.36	-70.1864
2.365	-70.1867
2.37	-70.1871
2.375	-70.1874
2.38	-70.1878
2.385	-70.1881
2.39	-70.1885
2.395	-70.1888
2.4	-70.1892
2.405	-70.1895
2.41	-70.1899
2.415	-70.1902
2.42	-70.1906
2.425	-70.191
2.43	-70.1913
2.435	-70.1917
2.44	-70.192
2.445	-70.1924
2.45	-70.1927
2.455	-70.1931
2.46	-70.1934
2.465	-70.1938
2.47	-70.1941
2.475	-70.1945
2.48	-70.1948
2.485	-70.1952
2.49	-70.1955
2.495	-70.1959
2.5	-70.1962
2.505	-70.1966
2.51	-70.1969
2.515	-70.1973
2.52	-70.1976
2.525	-70.198
2.53	-70.1983
2.535	-70.1987
2.54	-70.199
2.545	-70.1994
2.55	-70.1997
2.555	-70.2001
2.56	-70.2004
2.565	-70.2008
2.57	-70.2011
2.575	-70.2015
2.58	-70.2018
2.585	-70.2022
2.59	-70.2025
2.595	-70.2029
2.6	-70.2032
2.605	-70.2036
2.61	-70.2039
2.615	-70.2043
2.62	-70.2046
2.625	-70.2049
2.63	-70.2053
2.635	-70.2056
2.64	-70.206
2.645	-70.2063
2.65	-70.2067
2.655	-70.207
2.66	-70.2074
2.665	-70.2077
2.67	-70.2081
2.675	-70.2084
2.68	-70.2088
2.685	-70.2091
2.69	-70.2094
2.695	-70.2098
2.7	-70.2101
2.705	-70.2105
2.71	-70.2108
2.715	-70.2112
2.72	-70.2115
2.725	-70.2119
2.73	-70.2122
2.735	-70.2125
2.74	-70.2129
2.745	-70.2132
2.75	-70.2136
2.755	-70.2139
2.76	-70.2143
2.765	-70.2146
2.77	-70.215
2.775	-70.2153
2.78	-70.2156
2.785	-70.216
2.79	-70.2163
2.795	-70.2167
2.8	-70.217
2.805	-70.2174
2.81	-70.2177
2.815	-70.218
2.82	-70.2184
2.825	-70.2187
2.83	-70.2191
2.835	-70.2194
2.84	-70.2197
2.845	-70.2201
2.85	-70.2204
2.855	-70.2208
2.86	-70.2211
2.865	-70.2214
2.87	-70.2218
2.875	-70.2221
2.88	-70.2225
2.885	-70.2228
2.89	-70.2231
2.895	-70.2235
2.9	-70.2238
2.905	-70.2242
2.91	-70.2245
2.915	-70.2248
2.92	-70.2252
2.925	-70.2255
2.93	-70.2259
2.935	-70.2262
2.94	-70.2265
2.945	-70.2269
2.95	-70.2272
2.955	-70.2276
2.96	-70.2279
2.965	-70.2282
2.97	-70.2286
2.975	-70.2289
2.98	-70.2292
2.985	-70.2296
2.99	-70.2299
2.995	-70.2303
3	-70.2306
3.005	-70.2309
3.01	-70.2313
3.015	-70.2316
3.02	-70.2319
3.025	-70.2323
3.03	-70.2326
3.035	-70.2329
3.04	-70.2333
3.045	-70.2336
3.05	-70.2339
3.055	-70.2343
3.06	-70.2346
3.065	-70.2349
3.07	-70.2353
3.075	-70.2356
3.08	-70.236
3.085	-70.2363
3.09	-70.2366
3.095	-70.237
3.1	-70.2373
3.105	-70.2376
3.11	-70.2379
3.115	-70.2383
3.12	-70.2386
3.125	-70.2389
3.13	-70.2393
3.135	-70.2396
3.14	-70.2399
3.145	-70.2403
3.15	-70.2406
3.155	-70.2409
3.16	-70.2413
3.165	-70.2416
3.17	-70.2419
3.175	-70.2422
3.18	-70.2426
3.185	-70.2429
3.19	-70.2432
3.195	-70.2435
3.2	-70.2439
3.205	-70.2442
3.21	-70.2445
3.215	-70.2448
3.22	-70.2451
3.225	-70.2455
3.23	-70.2458
3.235	-70.2461
3.24	-70.2464
3.245	-70.2467
3.25	-70.247
3.255	-70.2473
3.26	-70.2476
3.265	-70.2479
3.27	-70.2482
3.275	-70.2485
3.28	-70.2488
3.285	-70.2491
3.29	-70.2494
3.295	-70.2497
3.3	-70.25
3.305	-70.2502
3.31	-70.2505
3.315	-70.2508
3.32	-70.251
3.325	-70.2513
3.33	-70.2515
3.335	-70.2517
3.34	-70.252
3.345	-70.2522
3.35	-70.2524
3.355	-70.2526
3.36	-70.2527
3.365	-70.2529
3.37	-70.253
3.375	-70.2532
3.38	-70.2533
3.385	-70.2534
3.39	-70.2534
3.395	-70.2535
3.4	-70.2535
3.405	-70.2535
3.41	-70.2535
3.415	-70.2535
3.42	-70.2534
3.425	-70.2533
3.43	-70.2531
3.435	-70.2529
3.44	-70.2527
3.445	-70.2524
3.45	-70.2521
3.455	-70.2517
3.46	-70.2513
3.465	-70.2508
3.47	-70.2502
3.475	-70.2496
3.48	-70.2488
3.485	-70.248
3.49	-70.2471
3.495	-70.2461
3.5	-70.245
3.505	-70.2438
3.51	-70.2425
3.515	-70.241
3.52	-70.2394
3.525	-70.2377
3.53	-70.2358
3.535	-70.2338
3.54	-70.2316
3.545	-70.2292
3.55	-70.2266
3.555	-70.2239
3.56	-70.2209
3.565	-70.2176
3.57	-70.2141
3.575	-70.2104
3.58	-70.2063
3.585	-70.2018
3.59	-70.197
3.595	-70.1918
3.6	-70.1862
3.605	-70.1801
3.61	-70.1735
3.615	-70.1663
3.62	-70.1586
3.625	-70.1502
3.63	-70.1412
3.635	-70.1314
3.64	-70.1208
3.645	-70.1094
3.65	-70.097
3.655	-70.0837
3.66	-70.0693
3.665	-70.0538
3.67	-70.0372
3.675	-70.0193
3.68	-70.0003
3.685	-69.9799
3.69	-69.9582
3.695	-69.9352
3.7	-69.9108
3.705	-69.885
3.71	-69.8576
3.715	-69.8285
3.72	-69.7976
3.725	-69.7645
3.73	-69.7289
3.735	-69.6901
3.74	-69.6476
3.745	-69.6001
3.75	-69.5465
3.755	-69.4851
3.76	-69.4141
3.765	-69.3317
3.77	-69.2368
3.775	-69.1286
3.78	-69.0074
3.785	-68.8738
3.79	-68.7289
3.795	-68.5734
3.8	-68.408
3.805	-68.233
3.81	-68.0487
3.815	-67.8554
3.82	-67.6536
3.825	-67.4435
3.83	-67.2258
3.835	-67.0009
3.84	-66.7692
3.845	-66.5315
3.85	-66.288
3.855	-66.0394
3.86	-65.7859
3.865	-65.5282
3.87	-65.2665
3.875	-65.0012
3.88	-64.7326
3.885	-64.4611
3.89	-64.1868
3.895	-63.9101
3.9	-63.6312
3.905	-63.3501
3.91	-63.0671
3.915	-62.7822
3.92	-62.4956
3.925	-62.2074
3.93	-61.9175
3.935	-61.6262
3.94	-61.3333
3.945	-61.039
3.95	-60.7434
3.955	-60.4465
3.96	-60.1484
3.965	-59.8491
3.97	-59.5488
3.975	-59.2475
3.98	-58.9453
3.985	-58.6423
3.99	-58.3385
3.995	-58.0342
4	-57.7293
4.005	-57.4239
4.01	-57.1182
4.015	-56.8122
4.02	-56.5061
4.025	-56.1999
4.03	-55.8937
4.035	-55.5877
4.04	-55.2819
4.045	-54.9765
4.05	-54.6715
4.055	-54.367
4.06	-54.0632
4.065	-53.7601
4.07	-53.4579
4.075	-53.1566
4.08	-52.8564
4.085	-52.5573
4.09	-52.2595
4.095	-51.963
4.1	-51.6679
4.105	-51.3743
4.11	-51.0823
4.115	-50.7919
4.12	-50.5033
4.125	-50.2165
4.13	-49.9316
4.135	-49.6486
4.14	-49.3676
4.145	-49.0886
4.15	-48.8117
4.155	-48.537
4.16	-48.2643
4.165	-47.9938
4.17	-47.7256
4.175	-47.4595
4.18	-47.1956
4.185	-46.934
4.19	-46.6745
4.195	-46.4173
4.2	-46.1622
4.205	-45.9093
4.21	-45.6585
4.215	-45.4098
4.22	-45.1632
4.225	-44.9186
4.23	-44.6759
4.235	-44.4352
4.24	-44.1962
4.245	-43.9591
4.25	-43.7236
4.255	-43.4898
4.26	-43.2575
4.265	-43.0266
4.27	-42.7971
4.275	-42.5688
4.28	-42.3417
4.285	-42.1157
4.29	-41.8905
4.295	-41.6662
4.3	-41.4425
4.305	-41.2194
4.31	-40.9967
4.315	-40.7743
4.32	-40.5521
4.325	-40.3298
4.33	-40.1073
4.335	-39.8845
4.34	-39.6612
4.345	-39.4372
4.35	-39.2123
4.355	-38.9863
4.36	-38.7591
4.365	-38.5303
4.37	-38.2999
4.375	-38.0675
4.38	-37.8329
4.385	-37.5959
4.39	-37.3562
4.395	-37.1134
4.4	-36.8673
4.405	-36.6175
4.41	-36.3638
4.415	-36.1056
4.42	-35.8427
4.425	-35.5747
4.43	-35.301
4.435	-35.0212
4.44	-34.7347
4.445	-34.4411
4.45	-34.1398
4.455	-33.8301
4.46	-33.5113
4.465	-33.1828
4.47	-32.8437
4.475	-32.4933
4.48	-32.1305
4.485	-31.7546
4.49	-31.3644
4.495	-30.9588
4.5	-30.5365
4.505	-30.0964
4.51	-29.637
4.515	-29.1568
4.52	-28.6541
4.525	-28.1271
4.53	-27.5741
4.535	-26.993
4.54	-26.3815
4.545	-25.7374
4.55	-25.0582
4.555	-24.3412
4.56	-23.5837
4.565	-22.7827
4.57	-21.9353
4.575	-21.0383
4.58	-20.0885
4.585	-19.0827
4.59	-18.018
4.595	-16.8911
4.6	-15.6994
4.605	-14.4405
4.61	-13.1124
4.615	-11.7137
4.62	-10.2439
4.625	-8.70326
4.63	-7.09319
4.635	-5.41623
4.64	-3.6762
4.645	-1.87826
4.65	-0.0288582
4.655	1.86428
4.66	3.7923
4.665	5.74544
4.67	7.71327
4.675	9.68496
4.68	11.6496
4.685	13.5966
4.69	15.5159
4.695	17.3979
4.7	19.2344
4.705	21.0178
4.71	22.7419
4.715	24.4014
4.72	25.9922
4.725	27.5109
4.73	28.9552
4.735	30.3236
4.74	31.6149
4.745	32.8291
4.75	33.9664
4.755	35.0277
4.76	36.0144
4.765	36.9284
4.77	37.7719
4.775	38.5474
4.78	39.258
4.785	39.9065
4.79	40.496
4.795	41.0298
4.8	41.5107
4.805	41.9418
4.81	42.3258
4.815	42.6652
4.82	42.9625
4.825	43.2198
4.83	43.4391
4.835	43.6222
4.84	43.7709
4.845	43.8866
4.85	43.9708
4.855	44.0248
4.86	44.0497
4.865	44.0468
4.87	44.017
4.875	43.9614
4.88	43.8809
4.885	43.7763
4.89	43.6485
4.895	43.4983
4.9	43.3264
4.905	43.1336
4.91	42.9206
4.915	42.6882
4.92	42.4369
4.925	42.1674
4.93	41.8804
4.935	41.5765
4.94	41.2563
4.945	40.9204
4.95	40.5693
4.955	40.2037
4.96	39.8242
4.965	39.4311
4.97	39.0252
4.975	38.6068
4.98	38.1766
4.985	37.735
4.99	37.2825
4.995	36.8196
5	36.3467
5.005	35.8644
5.01	35.3729
5.015	34.8729
5.02	34.3647
5.025	33.8487
5.03	33.3253
5.035	32.7949
5.04	32.2579
5.045	31.7148
5.05	31.1657
5.055	30.6112
5.06	30.0515
5.065	29.487
5.07	28.918
5.075	28.3449
5.08	27.768
5.085	27.1875
5.09	26.6037
5.095	26.0171
5.1	25.4277
5.105	24.8359
5.11	24.2421
5.115	23.6463
5.12	23.0489
5.125	22.4501
5.13	21.8502
5.135	21.2493
5.14	20.6477
5.145	20.0456
5.15	19.4432
5.155	18.8407
5.16	18.2382
5.165	17.6361
5.17	17.0343
5.175	16.4332
5.18	15.8329
5.185	15.2335
5.19	14.6352
5.195	14.0381
5.2	13.4424
5.205	12.8481
5.21	12.2556
5.215	11.6647
5.22	11.0757
5.225	10.4888
5.23	9.90385
5.235	9.32112
5.24	8.74068
5.245	8.16261
5.25	7.587
5.255	7.01394
5.26	6.44348
5.265	5.87572
5.27	5.31072
5.275	4.74854
5.28	4.18923
5.285	3.63287
5.29	3.07949
5.295	2.52915
5.3	1.98188
5.305	1.43773
5.31	0.896735
5.315	0.358923
5.32	-0.175678
5.325	-0.707041
5.33	-1.23515
5.335	-1.75998
5.34	-2.28152
5.345	-2.79976
5.35	-3.3147
5.355	-3.82633
5.36	-4.33464
5.365	-4.83965
5.37	-5.34135
5.375	-5.83976
5.38	-6.33489
5.385	-6.82675
5.39	-7.31536
5.395	-7.80074
5.4	-8.28292
5.405	-8.76192
5.41	-9.23776
5.415	-9.71049
5.42	-10.1801
5.425	-10.6467
5.43	-11.1103
5.435	-11.5709
5.44	-12.0286
5.445	-12.4834
5.45	-12.9354
5.455	-13.3846
5.46	-13.8311
5.465	-14.2749
5.47	-14.7161
5.475	-15.1547
5.48	-15.5909
5.485	-16.0246
5.49	-16.4559
5.495	-16.8849
5.5	-17.3116
5.505	-17.7362
5.51	-18.1587
5.515	-18.5791
5.52	-18.9975
5.525	-19.4141
5.53	-19.8288
5.535	-20.2417
5.54	-20.653
5.545	-21.0626
5.55	-21.4707
5.555	-21.8773
5.56	-22.2825
5.565	-22.6863
5.57	-23.0889
5.575	-23.4903
5.58	-23.8906
5.585	-24.2898
5.59	-24.6881
5.595	-25.0853
5.6	-25.4818
5.605	-25.8774
5.61	-26.2723
5.615	-26.6665
5.62	-27.0601
5.625	-27.4531
5.63	-27.8456
5.635	-28.2376
5.64	-28.6291
5.645	-29.0203
5.65	-29.4111
5.655	-29.8016
5.66	-30.1919
5.665	-30.5818
5.67	-30.9715
5.675	-31.3611
5.68	-31.7504
5.685	-32.1395
5.69	-32.5285
5.695	-32.9172
5.7	-33.3058
5.705	-33.6942
5.71	-34.0824
5.715	-34.4704
5.72	-34.8581
5.725	-35.2456
5.73	-35.6328
5.735	-36.0197
5.74	-36.4062
5.745	-36.7923
5.75	-37.1779
5.755	-37.5631
5.76	-37.9476
5.765	-38.3316
5.77	-38.7149
5.775	-39.0975
5.78	-39.4793
5.785	-39.8601
5.79	-40.2401
5.795	-40.619
5.8	-40.9969
5.805	-41.3736
5.81	-41.749
5.815	-42.1231
5.82	-42.4959
5.825	-42.8671
5.83	-43.2369
5.835	-43.605
5.84	-43.9714
5.845	-44.3361
5.85	-44.6989
5.855	-45.0598
5.86	-45.4188
5.865	-45.7757
5.87	-46.1305
5.875	-46.4832
5.88	-46.8336
5.885	-47.1818
5.89	-47.5277
5.895	-47.8713
5.9	-48.2124
5.905	-48.5511
5.91	-48.8873
5.915	-49.221
5.92	-49.5521
5.925	-49.8807
5.93	-50.2067
5.935	-50.5301
5.94	-50.8508
5.945	-51.1689
5.95	-51.4843
5.955	-51.797
5.96	-52.1071
5.965	-52.4144
5.97	-52.7191
5.975	-53.0211
5.98	-53.3204
5.985	-53.6171
5.99	-53.911
5.995	-54.2023
6	-54.4909
6.005	-54.7769
6.01	-55.0602
6.015	-55.3409
6.02	-55.619
6.025	-55.8945
6.03	-56.1674
6.035	-56.4378
6.04	-56.7056
6.045	-56.9709
6.05	-57.2337
6.055	-57.494
6.06	-57.7518
6.065	-58.0072
6.07	-58.2602
6.075	-58.5108
6.08	-58.759
6.085	-59.0048
6.09	-59.2483
6.095	-59.4895
6.1	-59.7284
6.105	-59.9651
6.11	-60.1995
6.115	-60.4317
6.12	-60.6617
6.125	-60.8895
6.13	-61.1152
6.135	-61.3387
6.14	-61.5601
6.145	-61.7795
6.15	-61.9968
6.155	-62.212
6.16	-62.4253
6.165	-62.6365
6.17	-62.8458
6.175	-63.0531
6.18	-63.2585
6.185	-63.462
6.19	-63.6636
6.195	-63.8634
6.2	-64.0613
6.205	-64.2573
6.21	-64.4516
6.215	-64.6441
6.22	-64.8348
6.225	-65.0238
6.23	-65.211
6.235	-65.3966
6.24	-65.5804
6.245	-65.7626
6.25	-65.9431
6.255	-66.122
6.26	-66.2993
6.265	-66.475
6.27	-66.6491
6.275	-66.8216
6.28	-66.9926
6.285	-67.1621
6.29	-67.33
6.295	-67.4964
6.3	-67.6614
6.305	-67.8249
6.31	-67.9869
6.315	-68.1475
6.32	-68.3066
6.325	-68.4644
6.33	-68.6207
6.335	-68.7757
6.34	-68.9293
6.345	-69.0816
6.35	-69.2325
6.355	-69.3821
6.36	-69.5304
6.365	-69.6773
6.37	-69.823
6.375	-69.9674
6.38	-70.1106
6.385	-70.2525
6.39	-70.3931
6.395	-70.5326
6.4	-70.6708
6.405	-70.8078
6.41	-70.9436
6.415	-71.0782
6.42	-71.2116
6.425	-71.3439
6.43	-71.4751
6.435	-71.6051
6.44	-71.7339
6.445	-71.8617
6.45	-71.9883
6.455	-72.1138
6.46	-72.2383
6.465	-72.3616
6.47	-72.4839
6.475	-72.6051
6.48	-72.7253
6.485	-72.8444
6.49	-72.9625
6.495	-73.0796
6.5	-73.1956
6.505	-73.3106
6.51	-73.4246
6.515	-73.5377
6.52	-73.6497
6.525	-73.7608
6.53	-73.8709
6.535	-73.98
6.54	-74.0882
6.545	-74.1954
6.55	-74.3017
6.555	-74.4071
6.56	-74.5116
6.565	-74.6151
6.57	-74.7177
6.575	-74.8194
6.58	-74.9203
6.585	-75.0202
6.59	-75.1193
6.595	-75.2175
6.6	-75.3148
6.605	-75.4113
6.61	-75.5069
6.615	-75.6017
6.62	-75.6957
6.625	-75.7888
6.63	-75.8811
6.635	-75.9726
6.64	-76.0632
6.645	-76.1531
6.65	-76.2422
6.655	-76.3304
6.66	-76.4179
6.665	-76.5046
6.67	-76.5906
6.675	-76.6758
6.68	-76.7602
6.685	-76.8439
6.69	-76.9268
6.695	-77.009
6.7	-77.0904
6.705	-77.1711
6.71	-77.2511
6.715	-77.3304
6.72	-77.409
6.725	-77.4869
6.73	-77.564
6.735	-77.6405
6.74	-77.7163
6.745	-77.7914
6.75	-77.8659
6.755	-77.9396
6.76	-78.0127
6.765	-78.0852
6.77	-78.157
6.775	-78.2281
6.78	-78.2986
6.785	-78.3685
6.79	-78.4378
6.795	-78.5064
6.8	-78.5744
6.805	-78.6417
6.81	-78.7085
6.815	-78.7747
6.82	-78.8403
6.825	-78.9052
6.83	-78.9696
6.835	-79.0334
6.84	-79.0967
6.845	-79.1593
6.85	-79.2214
6.855	-79.2829
6.86	-79.3439
6.865	-79.4043
6.87	-79.4642
6.875	-79.5235
6.88	-79.5823
6.885	-79.6406
6.89	-79.6983
6.895	-79.7555
6.9	-79.8122
6.905	-79.8684
6.91	-79.924
6.915	-79.9792
6.92	-80.0338
6.925	-80.088
6.93	-80.1417
6.935	-80.1949
6.94	-80.2476
6.945	-80.2998
6.95	-80.3515
6.955	-80.4028
6.96	-80.4537
6.965	-80.504
6.97	-80.5539
6.975	-80.6034
6.98	-80.6524
6.985	-80.701
6.99	-80.7491
6.995	-80.7968
7	-80.844
7.005	-80.8909
7.01	-80.9373
7.015	-80.9833
7.02	-81.0289
7.025	-81.074
7.03	-81.1188
7.035	-81.1632
7.04	-81.2071
7.045	-81.2507
7.05	-81.2939
7.055	-81.3366
7.06	-81.379
7.065	-81.4211
7.07	-81.4627
7.075	-81.504
7.08	-81.5449
7.085	-81.5854
7.09	-81.6256
7.095	-81.6654
7.1	-81.7049
7.105	-81.744
7.11	-81.7827
7.115	-81.8211
7.12	-81.8592
7.125	-81.8969
7.13	-81.9343
7.135	-81.9714
7.14	-82.0081
7.145	-82.0445
7.15	-82.0806
7.155	-82.1164
7.16	-82.1518
7.165	-82.1869
7.17	-82.2217
7.175	-82.2563
7.18	-82.2905
7.185	-82.3244
7.19	-82.358
7.195	-82.3913
7.2	-82.4243
7.205	-82.457
7.21	-82.4895
7.215	-82.5216
7.22	-82.5535
7.225	-82.5851
7.23	-82.6164
7.235	-82.6474
7.24	-82.6782
7.245	-82.7087
7.25	-82.7389
7.255	-82.7689
7.26	-82.7986
7.265	-82.828
7.27	-82.8572
7.275	-82.8862
7.28	-82.9148
7.285	-82.9433
7.29	-82.9715
7.295	-82.9994
7.3	-83.0271
7.305	-83.0546
7.31	-83.0818
7.315	-83.1088
7.32	-83.1355
7.325	-83.162
7.33	-83.1883
7.335	-83.2144
7.34	-83.2402
7.345	-83.2659
7.35	-83.2913
7.355	-83.3164
7.36	-83.3414
7.365	-83.3662
7.37	-83.3907
7.375	-83.415
7.38	-83.4391
7.385	-83.4631
7.39	-83.4868
7.395	-83.5103
7.4	-83.5336
7.405	-83.5567
7.41	-83.5796
7.415	-83.6023
7.42	-83.6248
7.425	-83.6471
7.43	-83.6693
7.435	-83.6912
7.44	-83.713
7.445	-83.7346
7.45	-83.756
7.455	-83.7772
7.46	-83.7982
7.465	-83.8191
7.47	-83.8397
7.475	-83.8603
7.48	-83.8806
7.485	-83.9007
7.49	-83.9207
7.495	-83.9406
7.5	-83.9602
7.505	-83.9797
7.51	-83.999
7.515	-84.0182
7.52	-84.0372
7.525	-84.056
7.53	-84.0747
7.535	-84.0932
7.54	-84.1116
7.545	-84.1298
7.55	-84.1479
7.555	-84.1658
7.56	-84.1836
7.565	-84.2012
7.57	-84.2186
7.575	-84.236
7.58	-84.2531
7.585	-84.2702
7.59	-84.2871
7.595	-84.3038
7.6	-84.3204
7.605	-84.3369
7.61	-84.3532
7.615	-84.3694
7.62	-84.3855
7.625	-84.4014
7.63	-84.4172
7.635	-84.4329
7.64	-84.4484
7.645	-84.4638
7.65	-84.4791
7.655	-84.4943
7.66	-84.5093
7.665	-84.5242
7.67	-84.539
7.675	-84.5536
7.68	-84.5682
7.685	-84.5826
7.69	-84.5969
7.695	-84.611
7.7	-84.6251
7.705	-84.639
7.71	-84.6529
7.715	-84.6666
7.72	-84.6802
7.725	-84.6936
7.73	-84.707
7.735	-84.7203
7.74	-84.7334
7.745	-84.7465
7.75	-84.7594
7.755	-84.7722
7.76	-84.785
7.765	-84.7976
7.77	-84.8101
7.775	-84.8225
7.78	-84.8348
7.785	-84.847
7.79	-84.8591
7.795	-84.8711
7.8	-84.883
7.805	-84.8948
7.81	-84.9065
7.815	-84.9181
7.82	-84.9297
7.825	-84.9411
7.83	-84.9524
7.835	-84.9636
7.84	-84.9748
7.845	-84.9858
7.85	-84.9968
7.855	-85.0076
7.86	-85.0184
7.865	-85.0291
7.87	-85.0397
7.875	-85.0502
7.88	-85.0606
7.885	-85.0709
7.89	-85.0812
7.895	-85.0913
7.9	-85.1014
7.905	-85.1114
7.91	-85.1213
7.915	-85.1312
7.92	-85.1409
7.925	-85.1506
7.93	-85.1601
7.935	-85.1697
7.94	-85.1791
7.945	-85.1884
7.95	-85.1977
7.955	-85.2069
7.96	-85.216
7.965	-85.225
7.97	-85.234
7.975	-85.2429
7.98	-85.2517
7.985	-85.2604
7.99	-85.2691
7.995	-85.2777
8	-85.2862
8.005	-85.2947
8.01	-85.303
8.015	-85.3113
8.02	-85.3196
8.025	-85.3277
8.03	-85.3358
8.035	-85.3439
8.04	-85.3518
8.045	-85.3597
8.05	-85.3675
8.055	-85.3753
8.06	-85.383
8.065	-85.3906
8.07	-85.3982
8.075	-85.4057
8.08	-85.4131
8.085	-85.4205
8.09	-85.4278
8.095	-85.435
8.1	-85.4422
8.105	-85.4493
8.11	-85.4564
8.115	-85.4634
8.12	-85.4703
8.125	-85.4772
8.13	-85.484
8.135	-85.4908
8.14	-85.4975
8.145	-85.5041
8.15	-85.5107
8.155	-85.5173
8.16	-85.5237
8.165	-85.5301
8.17	-85.5365
8.175	-85.5428
8.18	-85.5491
8.185	-85.5552
8.19	-85.5614
8.195	-85.5675
8.2	-85.5735
8.205	-85.5795
8.21	-85.5854
8.215	-85.5913
8.22	-85.5971
8.225	-85.6028
8.23	-85.6086
8.235	-85.6142
8.24	-85.6198
8.245	-85.6254
8.25	-85.6309
8.255	-85.6364
8.26	-85.6418
8.265	-85.6472
8.27	-85.6525
8.275	-85.6577
8.28	-85.663
8.285	-85.6681
8.29	-85.6733
8.295	-85.6783
8.3	-85.6834
8.305	-85.6883
8.31	-85.6933
8.315	-85.6982
8.32	-85.703
8.325	-85.7078
8.33	-85.7126
8.335	-85.7173
8.34	-85.722
8.345	-85.7266
8.35	-85.7312
8.355	-85.7357
8.36	-85.7402
8.365	-85.7446
8.37	-85.749
8.375	-85.7534
8.38	-85.7577
8.385	-85.762
8.39	-85.7663
8.395	-85.7705
8.4	-85.7746
8.405	-85.7787
8.41	-85.7828
8.415	-85.7868
8.42	-85.7908
8.425	-85.7948
8.43	-85.7987
8.435	-85.8026
8.44	-85.8064
8.445	-85.8102
8.45	-85.814
8.455	-85.8177
8.46	-85.8214
8.465	-85.8251
8.47	-85.8287
8.475	-85.8323
8.48	-85.8358
8.485	-85.8393
8.49	-85.8428
8.495	-85.8462
8.5	-85.8496
8.505	-85.853
8.51	-85.8563
8.515	-85.8596
8.52	-85.8628
8.525	-85.866
8.53	-85.8692
8.535	-85.8724
8.54	-85.8755
8.545	-85.8786
8.55	-85.8816
8.555	-85.8846
8.56	-85.8876
8.565	-85.8906
8.57	-85.8935
8.575	-85.8964
8.58	-85.8992
8.585	-85.902
8.59	-85.9048
8.595	-85.9076
8.6	-85.9103
8.605	-85.913
8.61	-85.9157
8.615	-85.9183
8.62	-85.9209
8.625	-85.9235
8.63	-85.926
8.635	-85.9285
8.64	-85.931
8.645	-85.9334
8.65	-85.9358
8.655	-85.9382
8.66	-85.9406
8.665	-85.9429
8.67	-85.9452
8.675	-85.9475
8.68	-85.9497
8.685	-85.9519
8.69	-85.9541
8.695	-85.9563
8.7	-85.9584
8.705	-85.9605
8.71	-85.9626
8.715	-85.9646
8.72	-85.9667
8.725	-85.9686
8.73	-85.9706
8.735	-85.9725
8.74	-85.9745
8.745	-85.9763
8.75	-85.9782
8.755	-85.98
8.76	-85.9818
8.765	-85.9836
8.77	-85.9854
8.775	-85.9871
8.78	-85.9888
8.785	-85.9905
8.79	-85.9921
8.795	-85.9938
8.8	-85.9954
8.805	-85.9969
8.81	-85.9985
8.815	-86
8.82	-86.0015
8.825	-86.003
8.83	-86.0044
8.835	-86.0059
8.84	-86.0073
8.845	-86.0087
8.85	-86.01
8.855	-86.0114
8.86	-86.0127
8.865	-86.014
8.87	-86.0152
8.875	-86.0165
8.88	-86.0177
8.885	-86.0189
8.89	-86.0201
8.895	-86.0212
8.9	-86.0224
8.905	-86.0235
8.91	-86.0246
8.915	-86.0256
8.92	-86.0267
8.925	-86.0277
8.93	-86.0287
8.935	-86.0297
8.94	-86.0306
8.945	-86.0316
8.95	-86.0325
8.955	-86.0334
8.96	-86.0342
8.965	-86.0351
8.97	-86.0359
8.975	-86.0367
8.98	-86.0375
8.985	-86.0383
8.99	-86.039
8.995	-86.0398
9	-86.0405
9.005	-86.0412
9.01	-86.0418
9.015	-86.0425
9.02	-86.0431
9.025	-86.0437
9.03	-86.0443
9.035	-86.0449
9.04	-86.0454
9.045	-86.046
9.05	-86.0465
9.055	-86.047
9.06	-86.0475
9.065	-86.0479
9.07	-86.0484
9.075	-86.0488
9.08	-86.0492
9.085	-86.0496
9.09	-86.05
9.095	-86.0503
9.1	-86.0506
9.105	-86.0509
9.11	-86.0512
9.115	-86.0515
9.12	-86.0518
9.125	-86.052
9.13	-86.0522
9.135	-86.0525
9.14	-86.0526
9.145	-86.0528
9.15	-86.053
9.155	-86.0531
9.16	-86.0532
9.165	-86.0533
9.17	-86.0534
9.175	-86.0535
9.18	-86.0536
9.185	-86.0536
9.19	-86.0536
9.195	-86.0536
9.2	-86.0536
9.205	-86.0536
9.21	-86.0536
9.215	-86.0535
9.22	-86.0534
9.225	-86.0533
9.23	-86.0532
9.235	-86.0531
9.24	-86.053
9.245	-86.0528
9.25	-86.0526
9.255	-86.0525
9.26	-86.0523
9.265	-86.0521
9.27	-86.0518
9.275	-86.0516
9.28	-86.0513
9.285	-86.051
9.29	-86.0508
9.295	-86.0505
9.3	-86.0501
9.305	-86.0498
9.31	-86.0495
9.315	-86.0491
9.32	-86.0487
9.325	-86.0483
9.33	-86.0479
9.335	-86.0475
9.34	-86.0471
9.345	-86.0466
9.35	-86.0462
9.355	-86.0457
9.36	-86.0452
9.365	-86.0447
9.37	-86.0442
9.375	-86.0436
9.38	-86.0431
9.385	-86.0425
9.39	-86.042
9.395	-86.0414
9.4	-86.0408
9.405	-86.0402
9.41	-86.0396
9.415	-86.0389
9.42	-86.0383
9.425	-86.0376
9.43	-86.0369
9.435	-86.0362
9.44	-86.0355
9.445	-86.0348
9.45	-86.0341
9.455	-86.0333
9.46	-86.0326
9.465	-86.0318
9.47	-86.031
9.475	-86.0303
9.48	-86.0295
9.485	-86.0286
9.49	-86.0278
9.495	-86.027
9.5	-86.0261
9.505	-86.0253
9.51	-86.0244
9.515	-86.0235
9.52	-86.0226
9.525	-86.0217
9.53	-86.0208
9.535	-86.0198
9.54	-86.0189
9.545	-86.0179
9.55	-86.0169
9.555	-86.016
9.56	-86.015
9.565	-86.014
9.57	-86.0129
9.575	-86.0119
9.58	-86.0109
9.585	-86.0098
9.59	-86.0088
9.595	-86.0077
9.6	-86.0066
9.605	-86.0055
9.61	-86.0044
9.615	-86.0033
9.62	-86.0022
9.625	-86.001
9.63	-85.9999
9.635	-85.9987
9.64	-85.9975
9.645	-85.9964
9.65	-85.9952
9.655	-85.994
9.66	-85.9927
9.665	-85.9915
9.67	-85.9903
9.675	-85.989
9.68	-85.9878
9.685	-85.9865
9.69	-85.9852
9.695	-85.984
9.7	-85.9827
9.705	-85.9814
9.71	-85.98
9.715	-85.9787
9.72	-85.9774
9.725	-85.976
9.73	-85.9747
9.735	-85.9733
9.74	-85.9719
9.745	-85.9705
9.75	-85.9692
9.755	-85.9677
9.76	-85.9663
9.765	-85.9649
9.77	-85.9635
9.775	-85.962
9.78	-85.9606
9.785	-85.9591
9.79	-85.9576
9.795	-85.9562
9.8	-85.9547
9.805	-85.9532
9.81	-85.9517
9.815	-85.9502
9.82	-85.9486
9.825	-85.9471
9.83	-85.9455
9.835	-85.944
9.84	-85.9424
9.845	-85.9409
9.85	-85.9393
9.855	-85.9377
9.86	-85.9361
9.865	-85.9345
9.87	-85.9329
9.875	-85.9312
9.88	-85.9296
9.885	-85.928
9.89	-85.9263
9.895	-85.9247
9.9	-85.923
9.905	-85.9213
9.91	-85.9196
9.915	-85.9179
9.92	-85.9162
9.925	-85.9145
9.93	-85.9128
9.935	-85.9111
9.94	-85.9094
9.945	-85.9076
9.95	-85.9059
9.955	-85.9041
9.96	-85.9023
9.965	-85.9006
9.97	-85.8988
9.975	-85.897
9.98	-85.8952
9.985	-85.8934
9.99	-85.8916
9.995	-85.8897
10	-85.8879
10.005	-85.8861
10.01	-85.8842
10.015	-85.8824
10.02	-85.8805
10.025	-85.8786
10.03	-85.8768
10.035	-85.8749
10.04	-85.873
10.045	-85.8711
10.05	-85.8692
10.055	-85.8673
10.06	-85.8653
10.065	-85.8634
10.07	-85.8615
10.075	-85.8595
10.08	-85.8576
10.085	-85.8556
10.09	-85.8537
10.095	-85.8517
10.1	-85.8497
10.105	-85.8477
10.11	-85.8457
10.115	-85.8437
10.12	-85.8417
10.125	-85.8397
10.13	-85.8377
10.135	-85.8356
10.14	-85.8336
10.145	-85.8316
10.15	-85.8295
10.155	-85.8275
10.16	-85.8254
10.165	-85.8233
10.17	-85.8212
10.175	-85.8192
10.18	-85.8171
10.185	-85.815
10.19	-85.8129
10.195	-85.8107
10.2	-85.8086
10.205	-85.8065
10.21	-85.8044
10.215	-85.8022
10.22	-85.8001
10.225	-85.7979
10.23	-85.7958
10.235	-85.7936
10.24	-85.7914
10.245	-85.7893
10.25	-85.7871
10.255	-85.7849
10.26	-85.7827
10.265	-85.7805
10.27	-85.7783
10.275	-85.7761
10.28	-85.7739
10.285	-85.7716
10.29	-85.7694
10.295	-85.7672
10.3	-85.7649
10.305	-85.7627
10.31	-85.7604
10.315	-85.7581
10.32	-85.7559
10.325	-85.7536
10.33	-85.7513
10.335	-85.749
10.34	-85.7467
10.345	-85.7444
10.35	-85.7421
10.355	-85.7398
10.36	-85.7375
10.365	-85.7352
10.37	-85.7328
10.375	-85.7305
10.38	-85.7282
10.385	-85.7258
10.39	-85.7235
10.395	-85.7211
10.4	-85.7188
10.405	-85.7164
10.41	-85.714
10.415	-85.7116
10.42	-85.7093
10.425	-85.7069
10.43	-85.7045
10.435	-85.7021
10.44	-85.6997
10.445	-85.6972
10.45	-85.6948
10.455	-85.6924
10.46	-85.69
10.465	-85.6875
10.47	-85.6851
10.475	-85.6827
10.48	-85.6802
10.485	-85.6778
10.49	-85.6753
10.495	-85.6728
10.5	-85.6704
10.505	-85.6679
10.51	-85.6654
10.515	-85.6629
10.52	-85.6604
10.525	-85.6579
10.53	-85.6554
10.535	-85.6529
10.54	-85.6504
10.545	-85.6479
10.55	-85.6454
10.555	-85.6429
10.56	-85.6403
10.565	-85.6378
10.57	-85.6352
10.575	-85.6327
10.58	-85.6302
10.585	-85.6276
10.59	-85.625
10.595	-85.6225
10.6	-85.6199
10.605	-85.6173
10.61	-85.6147
10.615	-85.6122
10.62	-85.6096
10.625	-85.607
10.63	-85.6044
10.635	-85.6018
10.64	-85.5992
10.645	-85.5966
10.65	-85.5939
10.655	-85.5913
10.66	-85.5887
10.665	-85.5861
10.67	-85.5834
10.675	-85.5808
10.68	-85.5782
10.685	-85.5755
10.69	-85.5729
10.695	-85.5702
10.7	-85.5675
10.705	-85.5649
10.71	-85.5622
10.715	-85.5595
10.72	-85.5568
10.725	-85.5542
10.73	-85.5515
10.735	-85.5488
10.74	-85.5461
10.745	-85.5434
10.75	-85.5407
10.755	-85.538
10.76	-85.5353
10.765	-85.5325
10.77	-85.5298
10.775	-85.5271
10.78	-85.5244
10.785	-85.5216
10.79	-85.5189
10.795	-85.5161
10.8	-85.5134
10.805	-85.5107
10.81	-85.5079
10.815	-85.5051
10.82	-85.5024
10.825	-85.4996
10.83	-85.4968
10.835	-85.4941
10.84	-85.4913
10.845	-85.4885
10.85	-85.4857
10.855	-85.4829
10.86	-85.4801
10.865	-85.4773
10.87	-85.4745
10.875	-85.4717
10.88	-85.4689
10.885	-85.4661
10.89	-85.4633
10.895	-85.4605
10.9	-85.4577
10.905	-85.4548
10.91	-85.452
10.915	-85.4492
10.92	-85.4463
10.925	-85.4435
10.93	-85.4406
10.935	-85.4378
10.94	-85.4349
10.945	-85.4321
10.95	-85.4292
10.955	-85.4263
10.96	-85.4235
10.965	-85.4206
10.97	-85.4177
10.975	-85.4149
10.98	-85.412
10.985	-85.4091
10.99	-85.4062
10.995	-85.4033
11	-85.4004
11.005	-85.3975
11.01	-85.3946
11.015	-85.3917
11.02	-85.3888
11.025	-85.3859
11.03	-85.383
11.035	-85.38
11.04	-85.3771
11.045	-85.3742
11.05	-85.3713
11.055	-85.3683
11.06	-85.3654
11.065	-85.3625
11.07	-85.3595
11.075	-85.3566
11.08	-85.3536
11.085	-85.3507
11.09	-85.3477
11.095	-85.3447
11.1	-85.3418
11.105	-85.3388
11.11	-85.3359
11.115	-85.3329
11.12	-85.3299
11.125	-85.3269
11.13	-85.3239
11.135	-85.321
11.14	-85.318
11.145	-85.315
11.15	-85.312
11.155	-85.309
11.16	-85.306
11.165	-85.303
11.17	-85.3
11.175	-85.297
11.18	-85.294
11.185	-85.291
11.19	-85.2879
11.195	-85.2849
11.2	-85.2819
11.205	-85.2789
11.21	-85.2758
11.215	-85.2728
11.22	-85.2698
11.225	-85.2667
11.23	-85.2637
11.235	-85.2607
11.24	-85.2576
11.245	-85.2546
11.25	-85.2515
11.255	-85.2485
11.26	-85.2454
11.265	-85.2423
11.27	-85.2393
11.275	-85.2362
11.28	-85.2331
11.285	-85.2301
11.29	-85.227
11.295	-85.2239
11.3	-85.2209
11.305	-85.2178
11.31	-85.2147
11.315	-85.2116
11.32	-85.2085
11.325	-85.2054
11.33	-85.2023
11.335	-85.1992
11.34	-85.1961
11.345	-85.193
11.35	-85.1899
11.355	-85.1868
11.36	-85.1837
11.365	-85.1806
11.37	-85.1775
11.375	-85.1744
11.38	-85.1712
11.385	-85.1681
11.39	-85.165
11.395	-85.1619
11.4	-85.1587
11.405	-85.1556
11.41	-85.1525
11.415	-85.1493
11.42	-85.1462
11.425	-85.143
11.43	-85.1399
11.435	-85.1368
11.44	-85.1336
11.445	-85.1305
11.45	-85.1273
11.455	-85.1241
11.46	-85.121
11.465	-85.1178
11.47	-85.1147
11.475	-85.1115
11.48	-85.1083
11.485	-85.1052
11.49	-85.102
11.495	-85.0988
11.5	-85.0956
11.505	-85.0925
11.51	-85.0893
11.515	-85.0861
11.52	-85.0829
11.525	-85.0797
11.53	-85.0765
11.535	-85.0733
11.54	-85.0701
11.545	-85.0669
11.55	-85.0637
11.555	-85.0605
11.56	-85.0573
11.565	-85.0541
11.57	-85.0509
11.575	-85.0477
11.58	-85.0445
11.585	-85.0413
11.59	-85.0381
11.595	-85.0349
11.6	-85.0316
11.605	-85.0284
11.61	-85.0252
11.615	-85.022
11.62	-85.0187
11.625	-85.0155
11.63	-85.0123
11.635	-85.009
11.64	-85.0058
11.645	-85.0026
11.65	-84.9993
11.655	-84.9961
11.66	-84.9928
11.665	-84.9896
11.67	-84.9864
11.675	-84.9831
11.68	-84.9799
11.685	-84.9766
11.69	-84.9733
11.695	-84.9701
11.7	-84.9668
11.705	-84.9636
11.71	-84.9603
11.715	-84.957
11.72	-84.9538
11.725	-84.9505
11.73	-84.9472
11.735	-84.944
11.74	-84.9407
11.745	-84.9374
11.75	-84.9341
11.755	-84.9309
11.76	-84.9276
11.765	-84.9243
11.77	-84.921
11.775	-84.9177
11.78	-84.9144
11.785	-84.9112
11.79	-84.9079
11.795	-84.9046
11.8	-84.9013
11.805	-84.898
11.81	-84.8947
11.815	-84.8914
11.82	-84.8881
11.825	-84.8848
11.83	-84.8815
11.835	-84.8782
11.84	-84.8749
11.845	-84.8716
11.85	-84.8682
11.855	-84.8649
11.86	-84.8616
11.865	-84.8583
11.87	-84.855
11.875	-84.8517
11.88	-84.8483
11.885	-84.845
11.89	-84.8417
11.895	-84.8384
11.9	-84.835
11.905	-84.8317
11.91	-84.8284
11.915	-84.8251
11.92	-84.8217
11.925	-84.8184
11.93	-84.8151
11.935	-84.8117
11.94	-84.8084
11.945	-84.805
11.95	-84.8017
11.955	-84.7984
11.96	-84.795
11.965	-84.7917
11.97	-84.7883
11.975	-84.785
11.98	-84.7816
11.985	-84.7783
11.99	-84.7749
11.995	-84.7716
12	-84.7682
12.005	-84.7648
12.01	-84.7615
12.015	-84.7581
12.02	-84.7548
12.025	-84.7514
12.03	-84.748
12.035	-84.7447
12.04	-84.7413
12.045	-84.7379
12.05	-84.7346
12.055	-84.7312
12.06	-84.7278
12.065	-84.7245
12.07	-84.7211
12.075	-84.7177
12.08	-84.7143
12.085	-84.711
12.09	-84.7076
12.095	-84.7042
12.1	-84.7008
12.105	-84.6974
12.11	-84.694
12.115	-84.6907
12.12	-84.6873
12.125	-84.6839
12.13	-84.6805
12.135	-84.6771
12.14	-84.6737
12.145	-84.6703
12.15	-84.6669
12.155	-84.6635
12.16	-84.6601
12.165	-84.6567
12.17	-84.6533
12.175	-84.6499
12.18	-84.6465
12.185	-84.6431
12.19	-84.6397
12.195	-84.6363
12.2	-84.6329
12.205	-84.6295
12.21	-84.6261
12.215	-84.6227
12.22	-84.6193
12.225	-84.6159
12.23	-84.6125
12.235	-84.6091
12.24	-84.6056
12.245	-84.6022
12.25	-84.5988
12.255	-84.5954
12.26	-84.592
12.265	-84.5886
12.27	-84.5851
12.275	-84.5817
12.28	-84.5783
12.285	-84.5749
12.29	-84.5714
12.295	-84.568
12.3	-84.5646
12.305	-84.5612
12.31	-84.5577
12.315	-84.5543
12.32	-84.5509
12.325	-84.5474
12.33	-84.544
12.335	-84.5406
12.34	-84.5371
12.345	-84.5337
12.35	-84.5303
12.355	-84.5268
12.36	-84.5234
12.365	-84.52
12.37	-84.5165
12.375	-84.5131
12.38	-84.5096
12.385	-84.5062
12.39	-84.5028
12.395	-84.4993
12.4	-84.4959
12.405	-84.4924
12.41	-84.489
12.415	-84.4855
12.42	-84.4821
12.425	-84.4786
12.43	-84.4752
12.435	-84.4717
12.44	-84.4683
12.445	-84.4648
12.45	-84.4614
12.455	-84.4579
12.46	-84.4545
12.465	-84.451
12.47	-84.4476
12.475	-84.4441
12.48	-84.4406
12.485	-84.4372
12.49	-84.4337
12.495	-84.4303
12.5	-84.4268
12.505	-84.4233
12.51	-84.4199
12.515	-84.4164
12.52	-84.413
12.525	-84.4095
12.53	-84.406
12.535	-84.4026
12.54	-84.3991
12.545	-84.3956
12.55	-84.3922
12.555	-84.3887
12.56	-84.3852
12.565	-84.3818
12.57	-84.3783
12.575	-84.3748
12.58	-84.3713
12.585	-84.3679
12.59	-84.3644
12.595	-84.3609
12.6	-84.3574
12.605	-84.354
12.61	-84.3505
12.615	-84.347
12.62	-84.3435
12.625	-84.3401
12.63	-84.3366
12.635	-84.3331
12.64	-84.3296
12.645	-84.3261
12.65	-84.3227
12.655	-84.3192
12.66	-84.3157
12.665	-84.3122
12.67	-84.3087
12.675	-84.3053
12.68	-84.3018
12.685	-84.2983
12.69	-84.2948
12.695	-84.2913
12.7	-84.2878
12.705	-84.2843
12.71	-84.2809
12.715	-84.2774
12.72	-84.2739
12.725	-84.2704
12.73	-84.2669
12.735	-84.2634
12.74	-84.2599
12.745	-84.2564
12.75	-84.2529
12.755	-84.2494
12.76	-84.2459
12.765	-84.2425
12.77	-84.239
12.775	-84.2355
12.78	-84.232
12.785	-84.2285
12.79	-84.225
12.795	-84.2215
12.8	-84.218
12.805	-84.2145
12.81	-84.211
12.815	-84.2075
12.82	-84.204
12.825	-84.2005
12.83	-84.197
12.835	-84.1935
12.84	-84.19
12.845	-84.1865
12.85	-84.183
12.855	-84.1795
12.86	-84.176
12.865	-84.1725
12.87	-84.169
12.875	-84.1655
12.88	-84.162
12.885	-84.1585
12.89	-84.155
12.895	-84.1515
12.9	-84.148
12.905	-84.1445
12.91	-84.141
12.915	-84.1375
12.92	-84.1339
12.925	-84.1304
12.93	-84.1269
12.935	-84.1234
12.94	-84.1199
12.945	-84.1164
12.95	-84.1129
12.955	-84.1094
12.96	-84.1059
12.965	-84.1024
12.97	-84.0989
12.975	-84.0954
12.98	-84.0918
12.985	-84.0883
12.99	-84.0848
12.995	-84.0813
13	-84.0778
13.005	-84.0743
13.01	-84.0708
13.015	-84.0673
13.02	-84.0638
13.025	-84.0602
13.03	-84.0567
13.035	-84.0532
13.04	-84.0497
13.045	-84.0462
13.05	-84.0427
13.055	-84.0392
13.06	-84.0356
13.065	-84.0321
13.07	-84.0286
13.075	-84.0251
13.08	-84.0216
13.085	-84.0181
13.09	-84.0146
13.095	-84.011
13.1	-84.0075
13.105	-84.004
13.11	-84.0005
13.115	-83.997
13.12	-83.9935
13.125	-83.9899
13.13	-83.9864
13.135	-83.9829
13.14	-83.9794
13.145	-83.9759
13.15	-83.9723
13.155	-83.9688
13.16	-83.9653
13.165	-83.9618
13.17	-83.9583
13.175	-83.9548
13.18	-83.9512
13.185	-83.9477
13.19	-83.9442
13.195	-83.9407
13.2	-83.9372
13.205	-83.9336
13.21	-83.9301
13.215	-83.9266
13.22	-83.9231
13.225	-83.9196
13.23	-83.916
13.235	-83.9125
13.24	-83.909
13.245	-83.9055
13.25	-83.902
13.255	-83.8984
13.26	-83.8949
13.265	-83.8914
13.27	-83.8879
13.275	-83.8843
13.28	-83.8808
13.285	-83.8773
13.29	-83.8738
13.295	-83.8703
13.3	-83.8667
13.305	-83.8632
13.31	-83.8597
13.315	-83.8562
13.32	-83.8527
13.325	-83.8491
13.33	-83.8456
13.335	-83.8421
13.34	-83.8386
13.345	-83.835
13.35	-83.8315
13.355	-83.828
13.36	-83.8245
13.365	-83.821
13.37	-83.8174
13.375	-83.8139
13.38	-83.8104
13.385	-83.8069
13.39	-83.8033
13.395	-83.7998
13.4	-83.7963
13.405	-83.7928
13.41	-83.7893
13.415	-83.7857
13.42	-83.7822
13.425	-83.7787
13.43	-83.7752
13.435	-83.7716
13.44	-83.7681
13.445	-83.7646
13.45	-83.7611
13.455	-83.7575
13.46	-83.754
13.465	-83.7505
13.47	-83.747
13.475	-83.7435
13.48	-83.7399
13.485	-83.7364
13.49	-83.7329
13.495	-83.7294
13.5	-83.7258
13.505	-83.7223
13.51	-83.7188
13.515	-83.7153
13.52	-83.7118
13.525	-83.7082
13.53	-83.7047
13.535	-83.7012
13.54	-83.6977
13.545	-83.6942
13.55	-83.6906
13.555	-83.6871
13.56	-83.6836
13.565	-83.6801
13.57	-83.6765
13.575	-83.673
13.58	-83.6695
13.585	-83.666
13.59	-83.6625
13.595	-83.6589
13.6	-83.6554
13.605	-83.6519
13.61	-83.6484
13.615	-83.6449
13.62	-83.6413
13.625	-83.6378
13.63	-83.6343
13.635	-83.6308
13.64	-83.6273
13.645	-83.6237
13.65	-83.6202
13.655	-83.6167
13.66	-83.6132
13.665	-83.6097
13.67	-83.6062
13.675	-83.6026
13.68	-83.5991
13.685	-83.5956
13.69	-83.5921
13.695	-83.5886
13.7	-83.585
13.705	-83.5815
13.71	-83.578
13.715	-83.5745
13.72	-83.571
13.725	-83.5675
13.73	-83.5639
13.735	-83.5604
13.74	-83.5569
13.745	-83.5534
13.75	-83.5499
13.755	-83.5464
13.76	-83.5429
13.765	-83.5393
13.77	-83.5358
13.775	-83.5323
13.78	-83.5288
13.785	-83.5253
13.79	-83.5218
13.795	-83.5183
13.8	-83.5147
13.805	-83.5112
13.81	-83.5077
13.815	-83.5042
13.82	-83.5007
13.825	-83.4972
13.83	-83.4937
13.835	-83.4901
13.84	-83.4866
13.845	-83.4831
13.85	-83.4796
13.855	-83.4761
13.86	-83.4726
13.865	-83.4691
13.87	-83.4656
13.875	-83.4621
13.88	-83.4586
13.885	-83.455
13.89	-83.4515
13.895	-83.448
13.9	-83.4445
13.905	-83.441
13.91	-83.4375
13.915	-83.434
13.92	-83.4305
13.925	-83.427
13.93	-83.4235
13.935	-83.42
13.94	-83.4165
13.945	-83.4129
13.95	-83.4094
13.955	-83.4059
13.96	-83.4024
13.965	-83.3989
13.97	-83.3954
13.975	-83.3919
13.98	-83.3884
13.985	-83.3849
13.99	-83.3814
13.995	-83.3779
14	-83.3744
14.005	-83.3709
14.01	-83.3674
14.015	-83.3639
14.02	-83.3604
14.025	-83.3569
14.03	-83.3534
14.035	-83.3499
14.04	-83.3464
14.045	-83.3429
14.05	-83.3394
14.055	-83.3359
14.06	-83.3324
14.065	-83.3289
14.07	-83.3254
14.075	-83.3219
14.08	-83.3184
14.085	-83.3149
14.09	-83.3114
14.095	-83.3079
14.1	-83.3044
14.105	-83.3009
14.11	-83.2974
14.115	-83.2939
14.12	-83.2904
14.125	-83.2869
14.13	-83.2834
14.135	-83.2799
14.14	-83.2764
14.145	-83.2729
14.15	-83.2695
14.155	-83.266
14.16	-83.2625
14.165	-83.259
14.17	-83.2555
14.175	-83.252
14.18	-83.2485
14.185	-83.245
14.19	-83.2415
14.195	-83.238
14.2	-83.2345
14.205	-83.2311
14.21	-83.2276
14.215	-83.2241
14.22	-83.2206
14.225	-83.2171
14.23	-83.2136
14.235	-83.2101
14.24	-83.2066
14.245	-83.2032
14.25	-83.1997
14.255	-83.1962
14.26	-83.1927
14.265	-83.1892
14.27	-83.1857
14.275	-83.1822
14.28	-83.1788
14.285	-83.1753
14.29	-83.1718
14.295	-83.1683
14.3	-83.1648
14.305	-83.1614
14.31	-83.1579
14.315	-83.1544
14.32	-83.1509
14.325	-83.1474
14.33	-83.144
14.335	-83.1405
14.34	-83.137
14.345	-83.1335
14.35	-83.1301
14.355	-83.1266
14.36	-83.1231
14.365	-83.1196
14.37	-83.1161
14.375	-83.1127
14.38	-83.1092
14.385	-83.1057
14.39	-83.1023
14.395	-83.0988
14.4	-83.0953
14.405	-83.0918
14.41	-83.0884
14.415	-83.0849
14.42	-83.0814
14.425	-83.078
14.43	-83.0745
14.435	-83.071
14.44	-83.0675
14.445	-83.0641
14.45	-83.0606
14.455	-83.0571
14.46	-83.0537
14.465	-83.0502
14.47	-83.0467
14.475	-83.0433
14.48	-83.0398
14.485	-83.0363
14.49	-83.0329
14.495	-83.0294
14.5	-83.026
14.505	-83.0225
14.51	-83.019
14.515	-83.0156
14.52	-83.0121
14.525	-83.0086
14.53	-83.0052
14.535	-83.0017
14.54	-82.9983
14.545	-82.9948
14.55	-82.9914
14.555	-82.9879
14.56	-82.9844
14.565	-82.981
14.57	-82.9775
14.575	-82.9741
14.58	-82.9706
14.585	-82.9672
14.59	-82.9637
14.595	-82.9603
14.6	-82.9568
14.605	-82.9533
14.61	-82.9499
14.615	-82.9464
14.62	-82.943
14.625	-82.9395
14.63	-82.9361
14.635	-82.9326
14.64	-82.9292
14.645	-82.9257
14.65	-82.9223
14.655	-82.9189
14.66	-82.9154
14.665	-82.912
14.67	-82.9085
14.675	-82.9051
14.68	-82.9016
14.685	-82.8982
14.69	-82.8947
14.695	-82.8913
14.7	-82.8879
14.705	-82.8844
14.71	-82.881
14.715	-82.8775
14.72	-82.8741
14.725	-82.8707
14.73	-82.8672
14.735	-82.8638
14.74	-82.8603
14.745	-82.8569
14.75	-82.8535
14.755	-82.85
14.76	-82.8466
14.765	-82.8432
14.77	-82.8397
14.775	-82.8363
14.78	-82.8329
14.785	-82.8294
14.79	-82.826
14.795	-82.8226
14.8	-82.8191
14.805	-82.8157
14.81	-82.8123
14.815	-82.8088
14.82	-82.8054
14.825	-82.802
14.83	-82.7986
14.835	-82.7951
14.84	-82.7917
14.845	-82.7883
14.85	-82.7848
14.855	-82.7814
14.86	-82.778
14.865	-82.7746
14.87	-82.7712
14.875	-82.7677
14.88	-82.7643
14.885	-82.7609
14.89	-82.7575
14.895	-82.754
14.9	-82.7506
14.905	-82.7472
14.91	-82.7438
14.915	-82.7404
14.92	-82.737
14.925	-82.7335
14.93	-82.7301
14.935	-82.7267
14.94	-82.7233
14.945	-82.7199
14.95	-82.7165
14.955	-82.7131
14.96	-82.7096
14.965	-82.7062
14.97	-82.7028
14.975	-82.6994
14.98	-82.696
14.985	-82.6926
14.99	-82.6892
14.995	-82.6858
15	-82.6824
15.005	-82.679
15.01	-82.6756
15.015	-82.6721
15.02	-82.6687
15.025	-82.6653
15.03	-82.6619
15.035	-82.6585
15.04	-82.6551
15.045	-82.6517
15.05	-82.6483
15.055	-82.6449
15.06	-82.6415
15.065	-82.6381
15.07	-82.6347
15.075	-82.6313
15.08	-82.6279
15.085	-82.6245
15.09	-82.6211
15.095	-82.6177
15.1	-82.6143
15.105	-82.611
15.11	-82.6076
15.115	-82.6042
15.12	-82.6008
15.125	-82.5974
15.13	-82.594
15.135	-82.5906
15.14	-82.5872
15.145	-82.5838
15.15	-82.5804
15.155	-82.5771
15.16	-82.5737
15.165	-82.5703
15.17	-82.5669
15.175	-82.5635
15.18	-82.5601
15.185	-82.5567
15.19	-82.5534
15.195	-82.55
15.2	-82.5466
15.205	-82.5432
15.21	-82.5398
15.215	-82.5364
15.22	-82.5331
15.225	-82.5297
15.23	-82.5263
15.235	-82.5229
15.24	-82.5196
15.245	-82.5162
15.25	-82.5128
15.255	-82.5094
15.26	-82.5061
15.265	-82.5027
15.27	-82.4993
15.275	-82.4959
15.28	-82.4926
15.285	-82.4892
15.29	-82.4858
15.295	-82.4825
15.3	-82.4791
15.305	-82.4757
15.31	-82.4724
15.315	-82.469
15.32	-82.4656
15.325	-82.4623
15.33	-82.4589
15.335	-82.4555
15.34	-82.4522
15.345	-82.4488
15.35	-82.4454
15.355	-82.4421
15.36	-82.4387
15.365	-82.4354
15.37	-82.432
15.375	-82.4287
15.38	-82.4253
15.385	-82.4219
15.39	-82.4186
15.395	-82.4152
15.4	-82.4119
15.405	-82.4085
15.41	-82.4052
15.415	-82.4018
15.42	-82.3985
15.425	-82.3951
15.43	-82.3918
15.435	-82.3884
15.44	-82.3851
15.445	-82.3817
15.45	-82.3784
15.455	-82.375
15.46	-82.3717
15.465	-82.3683
15.47	-82.365
15.475	-82.3616
15.48	-82.3583
15.485	-82.3549
15.49	-82.3516
15.495	-82.3483
15.5	-82.3449
15.505	-82.3416
15.51	-82.3382
15.515	-82.3349
15.52	-82.3316
15.525	-82.3282
15.53	-82.3249
15.535	-82.3216
15.54	-82.3182
15.545	-82.3149
15.55	-82.3116
15.555	-82.3082
15.56	-82.3049
15.565	-82.3016
15.57	-82.2982
15.575	-82.2949
15.58	-82.2916
15.585	-82.2882
15.59	-82.2849
15.595	-82.2816
15.6	-82.2783
15.605	-82.2749
15.61	-82.2716
15.615	-82.2683
15.62	-82.265
15.625	-82.2616
15.63	-82.2583
15.635	-82.255
15.64	-82.2517
15.645	-82.2484
15.65	-82.245
15.655	-82.2417
15.66	-82.2384
15.665	-82.2351
15.67	-82.2318
15.675	-82.2284
15.68	-82.2251
15.685	-82.2218
15.69	-82.2185
15.695	-82.2152
15.7	-82.2119
15.705	-82.2086
15.71	-82.2053
15.715	-82.202
15.72	-82.1986
15.725	-82.1953
15.73	-82.192
15.735	-82.1887
15.74	-82.1854
15.745	-82.1821
15.75	-82.1788
15.755	-82.1755
15.76	-82.1722
15.765	-82.1689
15.77	-82.1656
15.775	-82.1623
15.78	-82.159
15.785	-82.1557
15.79	-82.1524
15.795	-82.1491
15.8	-82.1458
15.805	-82.1425
15.81	-82.1392
15.815	-82.1359
15.82	-82.1326
15.825	-82.1293
15.83	-82.126
15.835	-82.1227
15.84	-82.1195
15.845	-82.1162
15.85	-82.1129
15.855	-82.1096
15.86	-82.1063
15.865	-82.103
15.87	-82.0997
15.875	-82.0964
15.88	-82.0932
15.885	-82.0899
15.89	-82.0866
15.895	-82.0833
15.9	-82.08
15.905	-82.0767
15.91	-82.0735
15.915	-82.0702
15.92	-82.0669
15.925	-82.0636
15.93	-82.0603
15.935	-82.0571
15.94	-82.0538
15.945	-82.0505
15.95	-82.0472
15.955	-82.044
15.96	-82.0407
15.965	-82.0374
15.97	-82.0342
15.975	-82.0309
15.98	-82.0276
15.985	-82.0243
15.99	-82.0211
15.995	-82.0178
16	-82.0145
16.005	-82.0113
16.01	-82.008
16.015	-82.0047
16.02	-82.0015
16.025	-81.9982
16.03	-81.995
16.035	-81.9917
16.04	-81.9884
16.045	-81.9852
16.05	-81.9819
16.055	-81.9787
16.06	-81.9754
16.065	-81.9721
16.07	-81.9689
16.075	-81.9656
16.08	-81.9624
16.085	-81.9591
16.09	-81.9559
16.095	-81.9526
16.1	-81.9494
16.105	-81.9461
16.11	-81.9429
16.115	-81.9396
16.12	-81.9364
16.125	-81.9331
16.13	-81.9299
16.135	-81.9266
16.14	-81.9234
16.145	-81.9201
16.15	-81.9169
16.155	-81.9137
16.16	-81.9104
16.165	-81.9072
16.17	-81.9039
16.175	-81.9007
16.18	-81.8975
16.185	-81.8942
16.19	-81.891
16.195	-81.8877
16.2	-81.8845
16.205	-81.8813
16.21	-81.878
16.215	-81.8748
16.22	-81.8716
16.225	-81.8683
16.23	-81.8651
16.235	-81.8619
16.24	-81.8587
16.245	-81.8554
16.25	-81.8522
16.255	-81.849
16.26	-81.8457
16.265	-81.8425
16.27	-81.8393
16.275	-81.8361
16.28	-81.8329
16.285	-81.8296
16.29	-81.8264
16.295	-81.8232
16.3	-81.82
16.305	-81.8167
16.31	-81.8135
16.315	-81.8103
16.32	-81.8071
16.325	-81.8039
16.33	-81.8007
16.335	-81.7975
16.34	-81.7942
16.345	-81.791
16.35	-81.7878
16.355	-81.7846
16.36	-81.7814
16.365	-81.7782
16.37	-81.775
16.375	-81.7718
16.38	-81.7686
16.385	-81.7654
16.39	-81.7621
16.395	-81.7589
16.4	-81.7557
16.405	-81.7525
16.41	-81.7493
16.415	-81.7461
16.42	-81.7429
16.425	-81.7397
16.43	-81.7365
16.435	-81.7333
16.44	-81.7301
16.445	-81.7269
16.45	-81.7237
16.455	-81.7206
16.46	-81.7174
16.465	-81.7142
16.47	-81.711
16.475	-81.7078
16.48	-81.7046
16.485	-81.7014
16.49	-81.6982
16.495	-81.695
16.5	-81.6918
16.505	-81.6886
16.51	-81.6855
16.515	-81.6823
16.52	-81.6791
16.525	-81.6759
16.53	-81.6727
16.535	-81.6695
16.54	-81.6664
16.545	-81.6632
16.55	-81.66
16.555	-81.6568
16.56	-81.6536
16.565	-81.6505
16.57	-81.6473
16.575	-81.6441
16.58	-81.6409
16.585	-81.6378
16.59	-81.6346
16.595	-81.6314
16.6	-81.6283
16.605	-81.6251
16.61	-81.6219
16.615	-81.6187
16.62	-81.6156
16.625	-81.6124
16.63	-81.6092
16.635	-81.6061
16.64	-81.6029
16.645	-81.5997
16.65	-81.5966
16.655	-81.5934
16.66	-81.5903
16.665	-81.5871
16.67	-81.5839
16.675	-81.5808
16.68	-81.5776
16.685	-81.5745
16.69	-81.5713
16.695	-81.5682
16.7	-81.565
16.705	-81.5618
16.71	-81.5587
16.715	-81.5555
16.72	-81.5524
16.725	-81.5492
16.73	-81.5461
16.735	-81.5429
16.74	-81.5398
16.745	-81.5366
16.75	-81.5335
16.755	-81.5303
16.76	-81.5272
16.765	-81.5241
16.77	-81.5209
16.775	-81.5178
16.78	-81.5146
16.785	-81.5115
16.79	-81.5083
16.795	-81.5052
16.8	-81.5021
16.805	-81.4989
16.81	-81.4958
16.815	-81.4927
16.82	-81.4895
16.825	-81.4864
16.83	-81.4833
16.835	-81.4801
16.84	-81.477
16.845	-81.4739
16.85	-81.4707
16.855	-81.4676
16.86	-81.4645
16.865	-81.4613
16.87	-81.4582
16.875	-81.4551
16.88	-81.452
16.885	-81.4488
16.89	-81.4457
16.895	-81.4426
16.9	-81.4395
16.905	-81.4363
16.91	-81.4332
16.915	-81.4301
16.92	-81.427
16.925	-81.4239
16.93	-81.4208
16.935	-81.4176
16.94	-81.4145
16.945	-81.4114
16.95	-81.4083
16.955	-81.4052
16.96	-81.4021
16.965	-81.399
16.97	-81.3958
16.975	-81.3927
16.98	-81.3896
16.985	-81.3865
16.99	-81.3834
16.995	-81.3803
17	-81.3772
17.005	-81.3741
17.01	-81.371
17.015	-81.3679
17.02	-81.3648
17.025	-81.3617
17.03	-81.3586
17.035	-81.3555
17.04	-81.3524
17.045	-81.3493
17.05	-81.3462
17.055	-81.3431
17.06	-81.34
17.065	-81.3369
17.07	-81.3338
17.075	-81.3307
17.08	-81.3276
17.085	-81.3245
17.09	-81.3214
17.095	-81.3184
17.1	-81.3153
17.105	-81.3122
17.11	-81.3091
17.115	-81.306
17.12	-81.3029
17.125	-81.2998
17.13	-81.2968
17.135	-81.2937
17.14	-81.2906
17.145	-81.2875
17.15	-81.2844
17.155	-81.2813
17.16	-81.2783
17.165	-81.2752
17.17	-81.2721
17.175	-81.269
17.18	-81.266
17.185	-81.2629
17.19	-81.2598
17.195	-81.2567
17.2	-81.2537
17.205	-81.2506
17.21	-81.2475
17.215	-81.2445
17.22	-81.2414
17.225	-81.2383
17.23	-81.2353
17.235	-81.2322
17.24	-81.2291
17.245	-81.2261
17.25	-81.223
17.255	-81.2199
17.26	-81.2169
17.265	-81.2138
17.27	-81.2107
17.275	-81.2077
17.28	-81.2046
17.285	-81.2016
17.29	-81.1985
17.295	-81.1955
17.3	-81.1924
17.305	-81.1893
17.31	-81.1863
17.315	-81.1832
17.32	-81.1802
17.325	-81.1771
17.33	-81.1741
17.335	-81.171
17.34	-81.168
17.345	-81.1649
17.35	-81.1619
17.355	-81.1588
17.36	-81.1558
17.365	-81.1528
17.37	-81.1497
17.375	-81.1467
17.38	-81.1436
17.385	-81.1406
17.39	-81.1375
17.395	-81.1345
17.4	-81.1315
17.405	-81.1284
17.41	-81.1254
17.415	-81.1224
17.42	-81.1193
17.425	-81.1163
17.43	-81.1133
17.435	-81.1102
17.44	-81.1072
17.445	-81.1042
17.45	-81.1011
17.455	-81.0981
17.46	-81.0951
17.465	-81.092
17.47	-81.089
17.475	-81.086
17.48	-81.083
17.485	-81.0799
17.49	-81.0769
17.495	-81.0739
17.5	-81.0709
17.505	-81.0679
17.51	-81.0648
17.515	-81.0618
17.52	-81.0588
17.525	-81.0558
17.53	-81.0528
17.535	-81.0497
17.54	-81.0467
17.545	-81.0437
17.55	-81.0407
17.555	-81.0377
17.56	-81.0347
17.565	-81.0317
17.57	-81.0287
17.575	-81.0256
17.58	-81.0226
17.585	-81.0196
17.59	-81.0166
17.595	-81.0136
17.6	-81.0106
17.605	-81.0076
17.61	-81.0046
17.615	-81.0016
17.62	-80.9986
17.625	-80.9956
17.63	-80.9926
17.635	-80.9896
17.64	-80.9866
17.645	-80.9836
17.65	-80.9806
17.655	-80.9776
17.66	-80.9746
17.665	-80.9716
17.67	-80.9686
17.675	-80.9656
17.68	-80.9626
17.685	-80.9597
17.69	-80.9567
17.695	-80.9537
17.7	-80.9507
17.705	-80.9477
17.71	-80.9447
17.715	-80.9417
17.72	-80.9387
17.725	-80.9358
17.73	-80.9328
17.735	-80.9298
17.74	-80.9268
17.745	-80.9238
17.75	-80.9209
17.755	-80.9179
17.76	-80.9149
17.765	-80.9119
17.77	-80.9089
17.775	-80.906
17.78	-80.903
17.785	-80.9
17.79	-80.897
17.795	-80.8941
17.8	-80.8911
17.805	-80.8881
17.81	-80.8852
17.815	-80.8822
17.82	-80.8792
17.825	-80.8763
17.83	-80.8733
17.835	-80.8703
17.84	-80.8674
17.845	-80.8644
17.85	-80.8614
17.855	-80.8585
17.86	-80.8555
17.865	-80.8526
17.87	-80.8496
17.875	-80.8466
17.88	-80.8437
17.885	-80.8407
17.89	-80.8378
17.895	-80.8348
17.9	-80.8319
17.905	-80.8289
17.91	-80.826
17.915	-80.823
17.92	-80.8201
17.925	-80.8171
17.93	-80.8142
17.935	-80.8112
17.94	-80.8083
17.945	-80.8053
17.95	-80.8024
17.955	-80.7994
17.96	-80.7965
17.965	-80.7935
17.97	-80.7906
17.975	-80.7876
17.98	-80.7847
17.985	-80.7818
17.99	-80.7788
17.995	-80.7759
18	-80.773
18.005	-80.77
18.01	-80.7671
18.015	-80.7641
18.02	-80.7612
18.025	-80.7583
18.03	-80.7553
18.035	-80.7524
18.04	-80.7495
18.045	-80.7466
18.05	-80.7436
18.055	-80.7407
18.06	-80.7378
18.065	-80.7348
18.07	-80.7319
18.075	-80.729
18.08	-80.7261
18.085	-80.7231
18.09	-80.7202
18.095	-80.7173
18.1	-80.7144
18.105	-80.7115
18.11	-80.7085
18.115	-80.7056
18.12	-80.7027
18.125	-80.6998
18.13	-80.6969
18.135	-80.694
18.14	-80.691
18.145	-80.6881
18.15	-80.6852
18.155	-80.6823
18.16	-80.6794
18.165	-80.6765
18.17	-80.6736
18.175	-80.6707
18.18	-80.6678
18.185	-80.6649
18.19	-80.662
18.195	-80.659
18.2	-80.6561
18.205	-80.6532
18.21	-80.6503
18.215	-80.6474
18.22	-80.6445
18.225	-80.6416
18.23	-80.6387
18.235	-80.6358
18.24	-80.6329
18.245	-80.63
18.25	-80.6272
18.255	-80.6243
18.26	-80.6214
18.265	-80.6185
18.27	-80.6156
18.275	-80.6127
18.28	-80.6098
18.285	-80.6069
18.29	-80.604
18.295	-80.6011
18.3	-80.5982
18.305	-80.5954
18.31	-80.5925
18.315	-80.5896
18.32	-80.5867
18.325	-80.5838
18.33	-80.5809
18.335	-80.5781
18.34	-80.5752
18.345	-80.5723
18.35	-80.5694
18.355	-80.5665
18.36	-80.5637
18.365	-80.5608
18.37	-80.5579
18.375	-80.555
18.38	-80.5522
18.385	-80.5493
18.39	-80.5464
18.395	-80.5436
18.4	-80.5407
18.405	-80.5378
18.41	-80.5349
18.415	-80.5321
18.42	-80.5292
18.425	-80.5263
18.43	-80.5235
18.435	-80.5206
18.44	-80.5178
18.445	-80.5149
18.45	-80.512
18.455	-80.5092
18.46	-80.5063
18.465	-80.5035
18.47	-80.5006
18.475	-80.4977
18.48	-80.4949
18.485	-80.492
18.49	-80.4892
18.495	-80.4863
18.5	-80.4835
18.505	-80.4806
18.51	-80.4778
18.515	-80.4749
18.52	-80.4721
18.525	-80.4692
18.53	-80.4664
18.535	-80.4635
18.54	-80.4607
18.545	-80.4578
18.55	-80.455
18.555	-80.4521
18.56	-80.4493
18.565	-80.4464
18.57	-80.4436
18.575	-80.4408
18.58	-80.4379
18.585	-80.4351
18.59	-80.4322
18.595	-80.4294
18.6	-80.4266
18.605	-80.4237
18.61	-80.4209
18.615	-80.4181
18.62	-80.4152
18.625	-80.4124
18.63	-80.4096
18.635	-80.4067
18.64	-80.4039
18.645	-80.4011
18.65	-80.3983
18.655	-80.3954
18.66	-80.3926
18.665	-80.3898
18.67	-80.3869
18.675	-80.3841
18.68	-80.3813
18.685	-80.3785
18.69	-80.3757
18.695	-80.3728
18.7	-80.37
18.705	-80.3672
18.71	-80.3644
18.715	-80.3616
18.72	-80.3587
18.725	-80.3559
18.73	-80.3531
18.735	-80.3503
18.74	-80.3475
18.745	-80.3447
18.75	-80.3419
18.755	-80.3391
18.76	-80.3362
18.765	-80.3334
18.77	-80.3306
18.775	-80.3278
18.78	-80.325
18.785	-80.3222
18.79	-80.3194
18.795	-80.3166
18.8	-80.3138
18.805	-80.311
18.81	-80.3082
18.815	-80.3054
18.82	-80.3026
18.825	-80.2998
18.83	-80.297
18.835	-80.2942
18.84	-80.2914
18.845	-80.2886
18.85	-80.2858
18.855	-80.283
18.86	-80.2802
18.865	-80.2774
18.87	-80.2746
18.875	-80.2719
18.88	-80.2691
18.885	-80.2663
18.89	-80.2635
18.895	-80.2607
18.9	-80.2579
18.905	-80.2551
18.91	-80.2523
18.915	-80.2496
18.92	-80.2468
18.925	-80.244
18.93	-80.2412
18.935	-80.2384
18.94	-80.2356
18.945	-80.2329
18.95	-80.2301
18.955	-80.2273
18.96	-80.2245
18.965	-80.2218
18.97	-80.219
18.975	-80.2162
18.98	-80.2134
18.985	-80.2107
18.99	-80.2079
18.995	-80.2051
19	-80.2024
19.005	-80.1996
19.01	-80.1968
19.015	-80.1941
19.02	-80.1913
19.025	-80.1885
19.03	-80.1858
19.035	-80.183
19.04	-80.1802
19.045	-80.1775
19.05	-80.1747
19.055	-80.1719
19.06	-80.1692
19.065	-80.1664
19.07	-80.1637
19.075	-80.1609
19.08	-80.1582
19.085	-80.1554
19.09	-80.1526
19.095	-80.1499
19.1	-80.1471
19.105	-80.1444
19.11	-80.1416
19.115	-80.1389
19.12	-80.1361
19.125	-80.1334
19.13	-80.1306
19.135	-80.1279
19.14	-80.1251
19.145	-80.1224
19.15	-80.1196
19.155	-80.1169
19.16	-80.1142
19.165	-80.1114
19.17	-80.1087
19.175	-80.1059
19.18	-80.1032
19.185	-80.1005
19.19	-80.0977
19.195	-80.095
19.2	-80.0922
19.205	-80.0895
19.21	-80.0868
19.215	-80.084
19.22	-80.0813
19.225	-80.0786
19.23	-80.0758
19.235	-80.0731
19.24	-80.0704
19.245	-80.0677
19.25	-80.0649
19.255	-80.0622
19.26	-80.0595
19.265	-80.0567
19.27	-80.054
19.275	-80.0513
19.28	-80.0486
19.285	-80.0458
19.29	-80.0431
19.295	-80.0404
19.3	-80.0377
19.305	-80.035
19.31	-80.0322
19.315	-80.0295
19.32	-80.0268
19.325	-80.0241
19.33	-80.0214
19.335	-80.0187
19.34	-80.016
19.345	-80.0132
19.35	-80.0105
19.355	-80.0078
19.36	-80.0051
19.365	-80.0024
19.37	-79.9997
19.375	-79.997
19.38	-79.9943
19.385	-79.9916
19.39	-79.9889
19.395	-79.9862
19.4	-79.9835
19.405	-79.9807
19.41	-79.978
19.415	-79.9753
19.42	-79.9726
19.425	-79.9699
19.43	-79.9672
19.435	-79.9645
19.44	-79.9619
19.445	-79.9592
19.45	-79.9565
19.455	-79.9538
19.46	-79.9511
19.465	-79.9484
19.47	-79.9457
19.475	-79.943
19.48	-79.9403
19.485	-79.9376
19.49	-79.9349
19.495	-79.9322
19.5	-79.9295
19.505	-79.9269
19.51	-79.9242
19.515	-79.9215
19.52	-79.9188
19.525	-79.9161
19.53	-79.9134
19.535	-79.9108
19.54	-79.9081
19.545	-79.9054
19.55	-79.9027
19.555	-79.9
19.56	-79.8974
19.565	-79.8947
19.57	-79.892
19.575	-79.8893
19.58	-79.8867
19.585	-79.884
19.59	-79.8813
19.595	-79.8786
19.6	-79.876
19.605	-79.8733
19.61	-79.8706
19.615	-79.868
19.62	-79.8653
19.625	-79.8626
19.63	-79.86
19.635	-79.8573
19.64	-79.8546
19.645	-79.852
19.65	-79.8493
19.655	-79.8466
19.66	-79.844
19.665	-79.8413
19.67	-79.8387
19.675	-79.836
19.68	-79.8333
19.685	-79.8307
19.69	-79.828
19.695	-79.8254
19.7	-79.8227
19.705	-79.8201
19.71	-79.8174
19.715	-79.8148
19.72	-79.8121
19.725	-79.8095
19.73	-79.8068
19.735	-79.8042
19.74	-79.8015
19.745	-79.7989
19.75	-79.7962
19.755	-79.7936
19.76	-79.7909
19.765	-79.7883
19.77	-79.7856
19.775	-79.783
19.78	-79.7804
19.785	-79.7777
19.79	-79.7751
19.795	-79.7724
19.8	-79.7698
19.805	-79.7672
19.81	-79.7645
19.815	-79.7619
19.82	-79.7592
19.825	-79.7566
19.83	-79.754
19.835	-79.7513
19.84	-79.7487
19.845	-79.7461
19.85	-79.7435
19.855	-79.7408
19.86	-79.7382
19.865	-79.7356
19.87	-79.7329
19.875	-79.7303
19.88	-79.7277
19.885	-79.7251
19.89	-79.7224
19.895	-79.7198
19.9	-79.7172
19.905	-79.7146
19.91	-79.7119
19.915	-79.7093
19.92	-79.7067
19.925	-79.7041
19.93	-79.7015
19.935	-79.6989
19.94	-79.6962
19.945	-79.6936
19.95	-79.691
19.955	-79.6884
19.96	-79.6858
19.965	-79.6832
19.97	-79.6806
19.975	-79.6779
19.98	-79.6753
19.985	-79.6727
19.99	-79.6701
19.995	-79.6675
20	-79.6649
